0 1
1 1
2 2
3 6
4 24
5 119
6 694
7 4581
8 33286
9 260927
10 2174398
11 19053058
12 174094868
13 1648198050
14 16085475576
15 161174636600
16 1652590573612
17 17292601075489
18 184246699159418
19 1995064785620557
20 21919480341617102
21 244015986016996763
22 443331120126462971
23 1337519051234349981
24 544477349085160376
25 271233920118263841
26 1194881279642737154
27 404616923423855336
28 1168323610675945349
29 1250203286506561863
30 196893317956822185
31 862028469549823103
32 1259152974247640853
33 2284766785415784976
34 1201403703733248072
35 326695962874878778
36 1481325923997911165
37 1128470822297700207
38 1772812036133079354
39 2130946780916272431
40 444436637617152835
41 1614802320927847017
42 205782907978841239
43 984501909670765491
44 463382122957332355
45 803458023627610560
46 1208587683929789523
47 1649593066240012839
48 651707113603968016
49 793139917514931817
50 1274579775711161979
51 413839969050628226
52 2091427961795304381
53 2027551971967420938
54 498861526732344230
55 1323021933719112058
56 1541206218470985646
57 982439681623038637
58 1616459873159715041
59 2082160185603184426
60 914826582717964647
61 1029104339052688613
62 2252969978416265867
63 1004537690396648146
64 1026402157036706789
65 622976264443147615
66 2203879641452496535
67 2266550631609897001
68 2165936818677032575
69 1687998541646319886
70 1516176047933309148
71 691819610057700975
72 1305053551294349274
73 1934995458498718458
74 1057787880139260428
75 392898009597208785
76 1595126030399629549
77 716605783360839964
78 2028320025908541859
79 33932786267680819
80 178315770012645827
81 1528541644027860765
82 586462434289091996
83 1557621868077049759
84 1826583168022337872
85 986067168565797919
86 1777265691121148014
87 1496423453615708714
88 324019194197822454
89 1615919892717350917
90 320158342463382946
91 81433901412668776
92 1023838234280413342
93 1414754310495454897
94 1213741021147902874
95 186632805937967656
96 499443814065868978
97 1567622001890051415
98 2299408171856517448
99 1857292955015135652
100 589432861254925495
101 1735804649134805147
102 824712374435776487
103 348789657165525126
104 372601422635954293
105 884960207943546866
106 1466239164522174496
107 2091289972294539206
108 817766235287848566
109 833585136503580816
110 1068671825250959273
111 72720154432331139
112 955220346282904694
113 1109617437575690248
114 1708616099916197147
115 2296879910843412110
116 165292970702161438
117 750194773477677719
118 2254865736101815712
119 1790162270597148851
120 2215967385467780203
121 1880764892751043001
122 1464975626421328791
123 740518485366058392
124 1908918757278281165
125 1840015257501352423
126 148781973646739425
127 465775829665716944
128 1715039042945786160
129 1154152939173170373
130 243303247397458589
131 2184573986111070565
132 45939458268352567
133 656153141161235550
134 812138236821059548
135 1054649621584494260
136 167298257736337398
137 856516398938606698
138 1428123967109183143
139 1054875786806798628
140 1585117814425535616
141 74960838982874379
142 1175033613301914066
143 255940537983767037
144 506659795568541545
145 1301309278506550161
146 2204154475462136293
147 555026258403521237
148 575809239078666020
149 1395070311775859587
150 339682746270707206
