# modulus 2147483237
0 1
1 1
2 2
3 6
4 24
5 119
6 694
7 4581
8 33286
9 260927
10 2174398
11 19053058
12 174094868
13 1648198050
14 1053092917
15 113393825
16 1175964359
17 1066051165
18 1227357766
19 1318849869
20 829980067
21 1974389660
22 240552389
23 1929605579
24 1751572231
25 1391344454
26 393864078
27 1825886325
28 912460188
29 75606313
30 914738577
31 799015177
32 280813718
33 2075603317
34 599873824
35 2040549142
36 521128848
37 1102992822
38 361213315
39 285336923
40 1032281141
41 1562432324
42 330529373
43 167701076
44 1223608494
45 1764868296
46 632193056
47 1739171425
48 40647122
49 1174407982
50 2001020526
51 1376973525
52 136398392
53 1794333857
54 2087590111
55 2031204698
56 1665420760
57 1027686653
58 537724882
59 540588332
60 775663833
61 1941584428
62 1933681928
63 1933133278
64 1203430276
65 300387858
66 313535789
67 503072368
68 153720488
69 1570270073
70 1910655862
71 470149804
72 1315668435
73 1510542045
74 1323627544
75 1903892588
76 1781957864
77 2108716021
78 557618811
79 1347281692
80 1007396264
81 1873053204
82 1757865441
83 1821846175
84 502951503
85 1524116923
86 645211784
87 2018779436
88 549555515
89 64261528
90 895580700
91 1147056149
92 913528128
93 325962759
94 873020515
95 74401213
96 1535669856
97 1038821946
98 262466973
99 708970350
100 2101284791
101 1049092310
102 102990844
103 1111404251
104 320962915
105 232216861
106 1169674660
107 1520594119
108 299543278
109 717818256
110 1713828900
111 1497693836
112 1379338264
113 1303561917
114 1521125065
115 922593159
116 796336167
117 619025159
118 1399680567
119 550109715
120 250661418
121 911782953
122 728908696
123 1638403473
124 746267669
125 913682887
126 14660379
127 1652279386
128 1978935296
129 1699874897
130 1501012028
131 1208643214
132 1683408196
133 990421281
134 1908975552
135 1331531671
136 1584195433
137 1851436921
138 1414375573
139 1913674005
140 1948642796
141 1198079900
142 229139795
143 493580133
144 1653887521
145 69823663
146 2107215359
147 1577606743
148 1489169255
149 796329693
150 622359289
# modulus 2147483179
0 1
1 1
2 2
3 6
4 24
5 119
6 694
7 4581
8 33286
9 260927
10 2174398
11 19053058
12 174094868
13 1648198050
14 1053093323
15 113398175
16 1176008961
17 1066518181
18 1232333934
19 1372733261
20 1421989257
21 2122411625
22 1476808425
23 1546919063
24 1428611216
25 173288298
26 995546869
27 1973379518
28 1181891933
29 2004891418
30 906898487
31 1913119901
32 2098916094
33 171446633
34 842171942
35 1037795067
36 2081734169
37 670454779
38 951598011
39 452001788
40 689782889
41 745173399
42 868677902
43 202891130
44 1733195571
45 1143096368
46 1698743311
47 856612314
48 2102227097
49 461068857
50 605077102
51 166969453
52 2003670435
53 750495473
54 1770846199
55 1698512396
56 453648437
57 879290420
58 726021578
59 63150705
60 1583136532
61 1771560273
62 519850399
63 492311134
64 131185986
65 1451327290
66 877126777
67 1864223768
68 126433007
69 396447700
70 19352679
71 1769522777
72 1627575009
73 390069497
74 651365004
75 1355936250
76 155608279
77 864501799
78 402898484
79 67993671
80 1347203109
81 539993418
82 1352239614
83 2023341633
84 131498210
85 1278163736
86 1887881982
87 1604874619
88 1275630036
89 1458665186
90 1779320646
91 403242816
92 738037160
93 1983002939
94 973300202
95 1596878951
96 851281489
97 1664415427
98 202993434
99 1392545883
100 1062499134
101 1839074759
102 498581762
103 1723649897
104 40146461
105 1772813485
106 180497711
107 506402795
108 133870702
109 272891477
110 1857720970
111 2075559153
112 156529850
113 1492120186
114 2046273626
115 401792423
116 473355583
117 428537804
118 1143035524
119 311354293
120 1469649562
121 1539232723
122 1547510881
123 1836853416
124 1476601242
125 31990442
126 106377285
127 937782125
128 529400999
129 483112812
130 1018555147
131 1476911601
132 2127573658
133 97461802
134 423328745
135 1752155037
136 375467065
137 1012870496
138 1727361621
139 1833602381
140 427791921
141 778215635
142 1008653146
143 1488103787
144 29475051
145 648117743
146 1211309889
147 684802704
148 13141135
149 1383065255
150 2038613686
# modulus 2147483171
0 1
1 1
2 2
3 6
4 24
5 119
6 694
7 4581
8 33286
9 260927
10 2174398
11 19053058
12 174094868
13 1648198050
14 1053093379
15 113398775
16 1176015113
17 1066582597
18 1233020302
19 1380165453
20 1503645697
21 883959030
22 980866514
23 87166570
24 1310054973
25 1190577786
26 1232248439
27 134593588
28 1784030364
29 2141596279
30 1139560905
31 1489872443
32 1570417597
33 487362495
34 2132689149
35 931945358
36 394096252
37 2139229708
38 1735111247
39 141337797
40 13753041
41 371156424
42 777835827
43 196150880
44 1364134784
45 1891544850
46 1075595528
47 1919786089
48 1446516549
49 277928700
50 405899943
51 1159569263
52 122329750
53 26965857
54 1262905909
55 239513283
56 1569502479
57 872473762
58 1558431326
59 1009378301
60 1825450813
61 889386720
62 1275651738
63 1993848952
64 531205771
65 1423708088
66 50564480
67 797073322
68 1274633674
69 1958480893
70 701795870
71 1738935440
72 200486811
73 497372138
74 2039256041
75 1049944147
76 1100946033
77 693234192
78 442704391
79 1224576397
80 1007351986
81 911050575
82 348126256
83 1715129556
84 313971238
85 2069155358
86 870424895
87 1791663013
88 173918211
89 2071220479
90 412601928
91 323066464
92 1270306647
93 2145184222
94 1238182029
95 1893102284
96 1728646843
97 1884295831
98 1000607049
99 319640584
100 243057783
101 623455199
102 240334487
103 500658513
104 128064810
105 545228518
106 725597325
107 1914528058
108 558014197
109 1151603695
110 1629773685
111 1458419368
112 166120093
113 1273240780
114 1664030416
115 962207101
116 1067238789
117 575064107
118 404171588
119 1278884969
120 1633879605
121 335049017
122 1398432659
123 322361272
124 919771206
125 665502364
126 226372726
127 1141252191
128 1520320001
129 1066846863
130 1448922326
131 939625388
132 1812156894
133 2079231022
134 1858456835
135 1767722674
136 642178544
137 396459247
138 651986742
139 41284146
140 751760841
141 713921120
142 1021580142
143 547993744
144 1194844385
145 764236436
146 29847742
147 1459812142
148 1713518827
149 836188442
150 781543945
# modulus 2147483137
0 1
1 1
2 2
3 6
4 24
5 119
6 694
7 4581
8 33286
9 260927
10 2174398
11 19053058
12 174094868
13 1648198050
14 1053093617
15 113401325
16 1176041259
17 1066856365
18 1235937366
19 1411752269
20 1850685567
21 452372738
22 1557468206
23 1936290056
24 1343173287
25 1220387032
26 1179657116
27 14985220
28 1640107445
29 827639572
30 1016993395
31 722735657
32 904564123
33 1993453966
34 1578008398
35 759074782
36 1936962308
37 1482776693
38 1370785425
39 90024585
40 1608348765
41 165245480
42 272018129
43 521589258
44 509087742
45 505603464
46 1944100067
47 742694124
48 400961568
49 89580480
50 1754300494
51 330498994
52 274517067
53 676404508
54 1958761023
55 359030974
56 469446480
57 1606574726
58 890640296
59 1150002602
60 1480007801
61 39460711
62 36026108
63 201312278
64 2046129264
65 1112321352
66 1175444209
67 2002750323
68 887985863
69 327708460
70 185615795
71 1525838414
72 1522945392
73 1894710056
74 2048071166
75 667220800
76 1000387702
77 489876518
78 935446732
79 852126782
80 1068669277
81 910195809
82 819431643
83 935478938
84 1674408519
85 1713312194
86 568202179
87 1757457227
88 798604942
89 1837524673
90 515323050
91 1746581764
92 981715927
93 2000517459
94 1177676415
95 6219185
96 341668112
97 325276747
98 1953142921
99 1871244883
100 1302310576
101 1510841553
102 2139217224
103 1482326625
104 586719534
105 2143341356
106 636258302
107 354283339
108 1609990115
109 1670053815
110 1388310130
111 678365754
112 1907485000
113 119261541
114 1491482303
115 801692767
116 888402453
117 173792615
118 973799644
119 353504053
120 797536463
121 707558460
122 683927464
123 809965391
124 916695555
125 161813848
126 1336291365
127 1450343267
128 1409548891
129 1696778265
130 1217574230
131 1765025431
132 376013957
133 850499908
134 656279994
135 1190937934
136 142058775
137 1213301534
138 709186688
139 1282769496
140 208658379
141 1869513247
142 1908002661
143 1954086392
144 27482982
145 1096354638
146 140999916
147 702614590
148 1936140496
149 1576205946
150 1390145828
# modulus 2147483123
0 1
1 1
2 2
3 6
4 24
5 119
6 694
7 4581
8 33286
9 260927
10 2174398
11 19053058
12 174094868
13 1648198050
14 1053093715
15 113402375
16 1176052025
17 1066969093
18 1237138510
19 1424758605
20 1993584337
21 2043176288
22 152699851
23 2066085707
24 598927515
25 854303361
26 533527344
27 176311703
28 814129978
29 1542339744
30 696169611
31 1271358440
32 616664733
33 1055153580
34 486366028
35 1099203526
36 1771257919
37 4630681
38 519233933
39 325642440
40 1358873542
41 1056747491
42 1858045486
43 1822603906
44 1887184280
45 801725356
46 1875087914
47 1237996278
48 1784059841
49 1599195127
50 1989414434
51 1026293136
52 63463067
53 1450682819
54 1227647051
55 373080172
56 1708365007
57 876788165
58 1140298604
59 2036992986
60 703990079
61 236889828
62 1463238013
63 1857687203
64 1567831878
65 1830782107
66 1514509268
67 1671709707
68 1653584410
69 181475420
70 1355125286
71 524000105
72 1877281505
73 674418583
74 1594938523
75 1698102900
76 243065747
77 1701541397
78 1433355511
79 1589711827
80 1361645292
81 2079023595
82 303135523
83 1982514695
84 121771009
85 1911533798
86 1633599150
87 457819784
88 1074090056
89 1391114836
90 1488172189
91 1943756059
92 1068460698
93 1806324821
94 588218524
95 1881279310
96 1400414557
97 910321861
98 1640580476
99 89477323
100 1326768624
101 681127705
102 1321029527
103 60596898
104 340592354
105 1881761335
106 1953918722
107 1235062789
108 544635226
109 1035600235
110 2039401131
111 1535028704
112 507418101
113 1203738406
114 2127532699
115 2084723756
116 2127386183
117 212365293
118 2039161605
119 1112364192
120 408942391
121 1407148613
122 17125190
123 1125373775
124 1227835754
125 1187909291
126 1402048339
127 486857882
128 1357120301
129 238549634
130 1612285564
131 78657685
132 2146536039
133 1481005723
134 1514291819
135 1145164924
136 1402169382
137 204940133
138 2139814509
139 1590990336
140 1166748156
141 982343997
142 1301028364
143 1650412837
144 1467574157
145 1889732197
146 2072144970
147 1923530275
148 280652229
149 1144482132
150 1424391145
# modulus 2147483077
0 1
1 1
2 2
3 6
4 24
5 119
6 694
7 4581
8 33286
9 260927
10 2174398
11 19053058
12 174094868
13 1648198050
14 1053094037
15 113405825
16 1176087399
17 1067339485
18 1241085126
19 1467493709
20 315625790
21 827653007
22 1059133514
23 651876080
24 1528380488
25 267527124
26 894113404
27 132079597
28 67258558
29 381522480
30 706226714
31 1296822655
32 303929757
33 799326516
34 2112413459
35 96363688
36 353769371
37 700000374
38 844470611
39 826366222
40 354321390
41 1422138486
42 1030850936
43 129537927
44 1436781869
45 1696985201
46 359945088
47 1735609921
48 1689877432
49 512413293
50 538803877
51 1515381556
52 2017947093
53 303400239
54 2029021498
55 869239055
56 2036858208
57 257173796
58 1327691733
59 353010378
60 903465330
61 131754190
62 71184223
63 343272399
64 247874447
65 1224716858
66 2112454386
67 1696362994
68 1180189320
69 1656160681
70 1006379092
71 840104162
72 1268883359
73 271628221
74 1281911211
75 933709058
76 1088160561
77 1631175827
78 1714503779
79 1773870685
80 907703436
81 2019254668
82 365521734
83 1829582929
84 557812815
85 90165209
86 1509068482
87 1273875647
88 214013541
89 1272434907
90 903233712
91 906391168
92 980039828
93 1920203518
94 1958042372
95 150039627
96 1513406852
97 925066185
98 525894606
99 1985281630
100 1530108038
101 793477517
102 1176502368
103 638896748
104 434786689
105 1380347253
106 1471831548
107 1542946780
108 1368397661
109 1275624715
110 1281832000
111 209026566
112 1723742670
113 1160526546
114 755063309
115 1418962365
116 1325407557
117 3269858
118 455757218
119 1218111506
120 1826313800
121 1034473949
122 315830401
123 1654606651
124 1838416904
125 2140338145
126 896328399
127 2057463309
128 2119682395
129 709316479
130 1819364629
131 1132014298
132 584058592
133 1773919893
134 392709449
135 349532943
136 357043199
137 319776958
138 123075291
139 1137824559
140 1197257811
141 1757200950
142 916131987
143 231338861
144 2080520371
145 219934771
146 1606208328
147 590029916
148 237619013
149 40578581
150 79925308
# modulus 2147483069
0 1
1 1
2 2
3 6
4 24
5 119
6 694
7 4581
8 33286
9 260927
10 2174398
11 19053058
12 174094868
13 1648198050
14 1053094093
15 113406425
16 1176093551
17 1067403901
18 1241771494
19 1474925901
20 397282238
21 1736683631
22 563192601
23 1339617810
24 1409951739
25 1286296884
26 1148150498
27 645394780
28 954857786
29 1727185386
30 1816239289
31 2052848517
32 663874631
33 415704817
34 1521352499
35 1806911075
36 1527066159
37 1213995799
38 2062854320
39 1516366646
40 899006417
41 273708159
42 641493973
43 461251960
44 74941736
45 731068871
46 1073184937
47 1619441631
48 2129763787
49 1550118532
50 1527920295
51 1317719042
52 452980809
53 1256735162
54 1444901668
55 1206651060
56 1957012440
57 278576769
58 1699711007
59 257604926
60 425776053
61 875349065
62 1010186323
63 1572214177
64 1792665012
65 2008250516
66 1571907185
67 542910533
68 1192119647
69 1688407607
70 634360300
71 206911179
72 742912146
73 1864592072
74 2039433399
75 96070687
76 1475316192
77 1612423313
78 1177804381
79 1456276778
80 1189907071
81 505852180
82 352931061
83 1458464005
84 1679351342
85 464475532
86 1035550095
87 1337764302
88 943484929
89 895158766
90 1375013397
91 1286117461
92 1407976651
93 708189559
94 909347399
95 1367502073
96 1676196949
97 887889905
98 238891439
99 1250943443
100 260729835
101 47585513
102 213523848
103 206316179
104 791624896
105 1520131658
106 1591631507
107 1048990684
108 326450140
109 702982843
110 1128373756
111 1706922564
112 1811192480
113 1860419058
114 1461054641
115 1364806694
116 1434238230
117 157749474
118 1372615219
119 2007789790
120 1878068746
121 145595859
122 483834613
123 1357708541
124 781853332
125 375626837
126 2112245550
127 175787688
128 971298900
129 1331319775
130 1042818034
131 324029668
132 1613038656
133 1396743315
134 1388298813
135 1775547912
136 2030750104
137 226984399
138 28219997
139 511469256
140 1593163076
141 1750307868
142 1140758937
143 1750961142
144 1587836461
145 766502476
146 1332024303
147 1951886558
148 948038999
149 32312087
150 1236219712
# modulus 2147483059
0 1
1 1
2 2
3 6
4 24
5 119
6 694
7 4581
8 33286
9 260927
10 2174398
11 19053058
12 174094868
13 1648198050
14 1053094163
15 113407175
16 1176101241
17 1067484421
18 1242629454
19 1484216141
20 499352798
21 725488852
22 480137337
23 1125554658
24 1798800630
25 412439285
26 393867341
27 1846477676
28 185213172
29 1253009306
30 1642541324
31 727856099
32 975385671
33 575034867
34 942096060
35 1438261394
36 783378272
37 1191016068
38 145600651
39 1160580228
40 955772390
41 1507151642
42 1404147003
43 148502044
44 1552331263
45 191419146
46 1959044619
47 1017001448
48 1470952691
49 455049577
50 1181490904
51 1434193261
52 1425182125
53 7832662
54 398743373
55 840235745
56 1526029188
57 1868397547
58 1816573249
59 1594176268
60 209355381
61 1110525903
62 1901093420
63 107237089
64 612857748
65 1416372486
66 265128390
67 1241443679
68 2114942349
69 2110579404
70 746059272
71 212914476
72 803910896
73 810342146
74 995098930
75 673336762
76 620778696
77 706924919
78 461639738
79 1309345077
80 125797733
81 1299971684
82 828749410
83 2076480891
84 1522148908
85 1638973524
86 813459635
87 1974309037
88 1256847010
89 1668934596
90 482922586
91 1944773985
92 946586237
93 1797061792
94 1773290926
95 1274212970
96 618644043
97 1946497066
98 529267251
99 506436311
100 1270891681
101 1057486467
102 546593621
103 820209630
104 1136501927
105 1429315802
106 125133605
107 1214009017
108 2095221611
109 1969457956
110 969046675
111 1464150969
112 2110013340
113 1034131481
114 768877763
115 1668272033
116 1207535125
117 1170525523
118 387732845
119 372148227
120 1350914415
121 1749922858
122 1260787032
123 1808348153
124 434781452
125 1734091258
126 1904187028
127 1308751977
128 1134599321
129 520186229
130 66379659
131 80259417
132 971895203
133 237854673
134 1424256658
135 975804303
136 1075131757
137 620953447
138 2075763834
139 607531156
140 391916679
141 1999861140
142 877624034
143 793725038
144 1404184225
145 1582599526
146 2082161859
147 1465726089
148 66721584
149 1549228562
150 178908480
