# modulus 2147483647
0 1
1 1
2 2
3 6
4 24
5 119
6 694
7 4581
8 33286
9 260927
10 2174398
11 19053058
12 174094868
13 1648198050
14 1053090047
15 113363075
16 1175649069
17 1062749845
18 1192181406
19 937950029
20 940054811
21 483730457
22 1498520214
23 2118367377
24 865362417
25 993445942
26 252220647
27 33776395
28 627134580
29 115525928
30 740092769
31 643907243
32 1905384446
33 1630878105
34 2056226573
35 998469167
36 778281750
37 1750495983
38 264029884
39 147292984
40 122166315
41 1104715470
42 280726514
43 2120504641
44 2026009183
45 1368971849
46 883066221
47 2007462776
48 1896199205
49 1757970621
50 1838539628
51 405357820
52 804789128
53 298935348
54 1450004704
55 1727563706
56 815325527
57 2115925904
58 2049997103
59 1424142364
60 1849983502
61 1207360440
62 264872640
63 1920846212
64 985537072
65 1923204141
66 1336282968
67 1962835809
68 2013736679
69 1466236876
70 1080860401
71 1581876188
72 1792933804
73 108283933
74 1419782199
75 391637432
76 1170024681
77 564832243
78 815074086
79 921673666
80 1967307688
81 639869485
82 1659675354
83 1220130803
84 1212319557
85 1784652200
86 1812039825
87 179457265
88 1955939477
89 1134505566
90 1588454099
91 1554391706
92 1046406736
93 929189827
94 708105598
95 382813265
96 1817815833
97 1413639999
98 1989304298
99 342412547
100 713416310
101 674778221
102 1236995377
103 54082254
104 918865828
105 996693595
106 613113020
107 1528203504
108 31622818
109 534454776
110 1756137724
111 81911478
112 13035894
113 2127870823
114 1812657308
115 569739819
116 1066757551
117 2021417340
118 2147000904
119 665930036
120 937673481
121 186806993
122 612723815
123 1595236612
124 1603646311
125 1609944163
126 437857714
127 682379300
128 24096181
129 1930408947
130 867316087
131 113340163
132 1155718545
133 1323819244
134 1994752207
135 1749836789
136 343671888
137 156789761
138 723322953
139 917359592
140 1334338691
141 2114208676
142 257965156
143 611584015
144 1271873524
145 186539889
146 696670402
147 231024853
148 1184224247
149 2137736900
150 1101009932
# modulus 2147483629
0 1
1 1
2 2
3 6
4 24
5 119
6 694
7 4581
8 33286
9 260927
10 2174398
11 19053058
12 174094868
13 1648198050
14 1053090173
15 113364425
16 1175662911
17 1062894781
18 1193725734
19 954672461
20 1123781765
21 381565192
22 919511647
23 444423108
24 1134179653
25 1119745281
26 1681489241
27 1322888901
28 219170272
29 1987125781
30 341685115
31 1181060562
32 1436065287
33 1545970735
34 326174744
35 2029631112
36 370665290
37 1878125117
38 1424851998
39 1900275513
40 1969338216
41 194907285
42 1398904083
43 192138895
44 2048829260
45 381368357
46 323143329
47 1793659837
48 2093002879
49 15207886
50 1715301005
51 1045792733
52 614974837
53 669295513
54 104099285
55 606385653
56 1650522419
57 1975066262
58 974854957
59 2045441442
60 1477156510
61 1267261904
62 596952145
63 1622830260
64 2067084310
65 1897474049
66 462978895
67 1417980575
68 1242028051
69 1353196008
70 912690189
71 385590294
72 1677281489
73 330555116
74 954313333
75 45859971
76 1426796115
77 1168076902
78 716360950
79 469163491
80 1885911514
81 1402400604
82 1700011117
83 106511044
84 1040214543
85 1734554460
86 1563449101
87 2037277595
88 954812754
89 1073425114
90 1837513536
91 603148824
92 1733023391
93 1883926380
94 1661772903
95 1938683801
96 1142919048
97 202108878
98 1149388171
99 1558828977
100 1636651527
101 1356709259
102 442652786
103 1565541477
104 1782020736
105 1409800097
106 372607230
107 1441951603
108 367171899
109 403326383
110 252245682
111 1396654506
112 867333505
113 1208758072
114 1005024998
115 984991950
116 1321657606
117 1612531952
118 801874844
119 342938329
120 1143006636
121 668279813
122 1351254897
123 1148028490
124 179387371
125 72651051
126 244289268
127 1316448224
128 2129581788
129 1776115005
130 672676144
131 1893417255
132 805585637
133 185601251
134 780857955
135 2089405963
136 1117530678
137 849844814
138 1840688766
139 1843777708
140 658088719
141 1723955183
142 359102519
143 261978150
144 1165035281
145 780455431
146 120849517
147 1215752675
148 1615883562
149 410072366
150 312407795
# modulus 2147483587
0 1
1 1
2 2
3 6
4 24
5 119
6 694
7 4581
8 33286
9 260927
10 2174398
11 19053058
12 174094868
13 1648198050
14 1053090467
15 113367575
16 1175695209
17 1063232965
18 1197329166
19 993691469
20 1552477991
21 859007576
22 1000148922
23 833537541
24 1045788848
25 2132557381
26 1464077982
27 1067632730
28 160692024
29 504731379
30 819057674
31 2145419578
32 1920444996
33 1302624549
34 2084447347
35 381366468
36 514174289
37 1286782538
38 26410205
39 472900949
40 1587631059
41 1446877149
42 234338876
43 2088243922
44 340347549
45 1449078343
46 1765387607
47 1479907528
48 1497169011
49 1371964424
50 330355799
51 269996781
52 1514303731
53 1599733780
54 1493026942
55 26440036
56 598840695
57 376313894
58 1968566337
59 112859489
60 218099469
61 506821272
62 1224683943
63 1116225959
64 1430637988
65 1762666918
66 1540282349
67 825596962
68 750660702
69 1502496619
70 1009452686
71 262845571
72 1610856570
73 91169167
74 276998405
75 1556205628
76 449824215
77 1730711661
78 364473048
79 275796917
80 350090076
81 726218694
82 223843459
83 1365936464
84 1089774554
85 1930480125
86 1461919755
87 1414862976
88 1877275599
89 2101589803
90 137840097
91 690086593
92 2095905928
93 1212585644
94 94973944
95 1307720598
96 230117431
97 2011440433
98 230083877
99 1367455562
100 1447161512
101 228347266
102 493733294
103 1540419761
104 2030357545
105 1076754344
106 765937518
107 386844668
108 1594408249
109 1180952074
110 474402641
111 441525555
112 614229646
113 196970773
114 984692064
115 1468270639
116 1100487797
117 89727970
118 1550944189
119 970120719
120 2008190879
121 976066290
122 67237094
123 773008724
124 1927241487
125 504517397
126 1794412517
127 523377654
128 1818472560
129 1349776120
130 186167577
131 1171118689
132 858901799
133 2011014290
134 1132015301
135 1349139112
136 898939600
137 1038592164
138 1820728434
139 1506293066
140 593790276
141 807566884
142 1220648285
143 132656961
144 1384328615
145 1792708124
146 1711370636
147 146449867
148 69096833
149 891664665
150 98985200
# modulus 2147483579
0 1
1 1
2 2
3 6
4 24
5 119
6 694
7 4581
8 33286
9 260927
10 2174398
11 19053058
12 174094868
13 1648198050
14 1053090523
15 113368175
16 1175701361
17 1063297381
18 1198015534
19 1001123661
20 1634134415
21 1768037984
22 504203027
23 1521224027
24 926722629
25 996442194
26 1631437464
27 557858331
28 1768474062
29 100611602
30 1837785822
31 1306105366
32 59522378
33 1026776225
34 570681240
35 2026835995
36 1819502011
37 2028785943
38 358753469
39 97871426
40 364308116
41 305202102
42 1463770161
43 1479606267
44 960071915
45 803087810
46 1927531764
47 604790669
48 2066384991
49 1718233009
50 290523781
51 1372684564
52 528390011
53 1457750576
54 615763062
55 1078765766
56 1287185109
57 447604576
58 1673407359
59 2097846701
60 712196320
61 1868235472
62 392805706
63 121180032
64 1638573152
65 1529192341
66 588601045
67 1305811030
68 1088769396
69 1338033866
70 831742458
71 1115220754
72 1232963209
73 2146654103
74 1340017040
75 404201123
76 1668494259
77 1933855457
78 52764755
79 897582239
80 1347948602
81 1442932449
82 1820377722
83 1247427601
84 942194192
85 319496859
86 747718111
87 47286397
88 117304203
89 318027190
90 292392252
91 270846787
92 792225047
93 105228873
94 12056228
95 1583310388
96 578139633
97 1621609995
98 806637642
99 393236615
100 475214524
101 1683022962
102 157527778
103 1498790887
104 1111296742
105 1974228055
106 1696170111
107 971450624
108 1672624760
109 1624327473
110 603711625
111 1581805418
112 1058917094
113 637793597
114 1084469273
115 1967685005
116 1933717313
117 2084322712
118 353328924
119 1784478453
120 865978980
121 316601935
122 360614499
123 2003471559
124 2095472494
125 1892015310
126 2079858343
127 1753637444
128 1169444275
129 511519209
130 1303662233
131 301112519
132 681160281
133 678287759
134 1806289592
135 1467061274
136 1997097523
137 778751772
138 1052321431
139 386604890
140 833617693
141 1314064109
142 430019729
143 1514500495
144 1645685811
145 810784759
146 783665001
147 374340117
148 1002211857
149 365304751
150 1698066582
# modulus 2147483563
0 1
1 1
2 2
3 6
4 24
5 119
6 694
7 4581
8 33286
9 260927
10 2174398
11 19053058
12 174094868
13 1648198050
14 1053090635
15 113369375
16 1175713665
17 1063426213
18 1199388270
19 1015988045
20 1797447263
21 1438615237
22 1659795040
23 749116028
24 688620191
25 872043719
26 1970235372
27 1733938488
28 1261528132
29 1850634634
30 544593550
31 1799159155
32 328692028
33 1731916049
34 1874745547
35 707485775
36 1686921815
37 1550563810
38 1149983079
39 366901140
40 182458934
41 1703610821
42 879194289
43 1071108065
44 1871851972
45 1368748911
46 145776357
47 1194918425
48 332041075
49 3540166
50 1033119497
51 304881451
52 38283502
53 251839795
54 802503284
55 1139682717
56 2108990080
57 149441290
58 1190509640
59 777997055
60 299321303
61 1288620371
62 2057537931
63 1953987992
64 651131122
65 693572639
66 958374838
67 393548930
68 1338827901
69 524112464
70 364079959
71 275723325
72 967662323
73 1393567253
74 798340611
75 1457190280
76 944818222
77 1039793537
78 1680009179
79 2081927466
80 1165622045
81 593412421
82 2030663487
83 2037536567
84 2084764368
85 1211686516
86 1679339720
87 40155594
88 343763038
89 1705777496
90 1310296354
91 2127868029
92 1325449778
93 291072585
94 832418339
95 1063371105
96 1265009716
97 221479563
98 1312442919
99 2099056882
100 1644640645
101 2078577266
102 1057262799
103 254369908
104 1077980859
105 35266757
106 1636500602
107 329825339
108 1205799884
109 2013011104
110 1809411572
111 2046909147
112 1752831697
113 1328678588
114 943059215
115 2124107919
116 1207888937
117 1132598371
118 442382986
119 1219432630
120 498842322
121 2013076936
122 1918841457
123 2048772609
124 925062302
125 1520058812
126 1882835210
127 1249626051
128 1514105894
129 2025859054
130 550808961
131 1454585242
132 1652801646
133 1636677955
134 1211746879
135 1583962059
136 1208236876
137 1302266888
138 347080558
139 1433109163
140 1079717238
141 808130744
142 538059325
143 1633069058
144 1882794641
145 239509571
146 2014941919
147 1159144088
148 87776990
149 2009120062
150 294461324
# modulus 2147483549
0 1
1 1
2 2
3 6
4 24
5 119
6 694
7 4581
8 33286
9 260927
10 2174398
11 19053058
12 174094868
13 1648198050
14 1053090733
15 113370425
16 1175724431
17 1063538941
18 1200589414
19 1028994381
20 1940346005
21 881934916
22 255019295
23 878830721
24 2090926032
25 495140576
26 1197403112
27 399748629
28 1980946358
29 140207092
30 1675734863
31 1317543783
32 768874619
33 2115858042
34 1547977059
35 2064693342
36 287261504
37 392985249
38 806955614
39 1080894760
40 983128488
41 2124542347
42 63169639
43 739929509
44 1580845623
45 2144654567
46 75965051
47 1334136923
48 768454407
49 488753314
50 1286835723
51 1082218276
52 1957058801
53 1036683063
54 1102126357
55 93700922
56 1150742662
57 1832888788
58 1534667445
59 1519545650
60 54278506
61 748519477
62 1286644275
63 1801861746
64 1584603927
65 333694811
66 906441241
67 1841718983
68 1622491147
69 2041677173
70 1295812914
71 1562536155
72 493704922
73 396680378
74 1181377676
75 1446946448
76 1476270528
77 1618394003
78 513032979
79 200323276
80 1090813065
81 14746358
82 29710523
83 842878750
84 474275737
85 1521641516
86 665436102
87 787083839
88 1362254548
89 501984029
90 831276
91 175523558
92 1726000908
93 1280648718
94 1106729800
95 1647253585
96 605248385
97 662102538
98 475494898
99 465669907
100 1235222404
101 1669182047
102 624457815
103 1674232147
104 1031901096
105 1697270951
106 2051733417
107 51595322
108 567911551
109 42364591
110 792307001
111 740227237
112 1452856720
113 1408368340
114 1322554738
115 756482755
116 1820774768
117 2115864593
118 29754077
119 1297042063
120 2004426617
121 1447021921
122 260070566
123 344380770
124 1637470898
125 1859757050
126 842966
127 1547754223
128 590064977
129 624898022
130 335597030
131 1140069075
132 511488983
133 1613247198
134 1102173911
135 382398882
136 1566630993
137 1211053083
138 1846737397
139 497867446
140 1682280576
141 448067962
142 1240076347
143 2006905843
144 534980420
145 450214356
146 1488999535
147 1186080906
148 1055028779
149 1599344899
150 424557506
# modulus 2147483543
0 1
1 1
2 2
3 6
4 24
5 119
6 694
7 4581
8 33286
9 260927
10 2174398
11 19053058
12 174094868
13 1648198050
14 1053090775
15 113370875
16 1175729045
17 1063587253
18 1201104190
19 1034568525
20 2001588323
21 1563707734
22 1493672804
23 320856820
24 1464790165
25 1254069596
26 253897234
27 1683698592
28 627461138
29 1855584423
30 1273074617
31 313403717
32 1169453922
33 680683468
34 1228282788
35 415392344
36 802565536
37 2147435228
38 849711925
39 1650242535
40 1214763635
41 2124096595
42 1385625799
43 1287450678
44 1351979971
45 844664773
46 1478000405
47 847637514
48 1891316832
49 764831781
50 802172867
51 1984605698
52 474352731
53 2020589395
54 938327877
55 366343370
56 1401431393
57 1699191072
58 1828089798
59 746199332
60 1465164013
61 1373023229
62 1501671838
63 1795073395
64 562369967
65 135313899
66 1787167070
67 862299823
68 1886855678
69 1078032165
70 1209752723
71 1201045232
72 1383921286
73 20076461
74 144773795
75 682698219
76 1435683892
77 1485373632
78 597079246
79 865733863
80 1736022778
81 1220503977
82 2052110605
83 1992619877
84 128412203
85 412408541
86 671593908
87 1113505980
88 2053227471
89 479828558
90 268084270
91 1355454684
92 559157203
93 1438967155
94 2045859022
95 1222526222
96 652747351
97 2035355813
98 1795760662
99 1326541001
100 812590947
101 1326874521
102 1176091016
103 344692627
104 1122150492
105 1370693383
106 657158580
107 1826998725
108 478156549
109 770596514
110 384244248
111 126515699
112 1351338221
113 2080476669
114 679320058
115 495115194
116 60376582
117 1186737834
118 1807569048
119 821913584
120 1982389812
121 1509807711
122 1217319378
123 1933544294
124 1853272896
125 1930312692
126 1071736274
127 1924984753
128 950070476
129 456008203
130 37547600
131 1171414196
132 1799701413
133 456102642
134 320788645
135 536003226
136 574018238
137 926207766
138 2092856243
139 7912246
140 702333634
141 1950311543
142 7223375
143 1452267705
144 1330220425
145 440955526
146 1016725430
147 1077368791
148 1232830100
149 1207749252
150 1281609767
# modulus 2147483497
0 1
1 1
2 2
3 6
4 24
5 119
6 694
7 4581
8 33286
9 260927
10 2174398
11 19053058
12 174094868
13 1648198050
14 1053091097
15 113374325
16 1175764419
17 1063957645
18 1205050806
19 1077303629
20 323629264
21 348182181
22 252600084
23 1053868084
24 243741321
25 632244469
26 204039114
27 1089802862
28 259123017
29 430495218
30 1419114461
31 1624509859
32 920490120
33 1504465857
34 334378738
35 241254430
36 1251478467
37 787655421
38 1181655204
39 626354108
40 952384948
41 744012608
42 1385022535
43 2135670189
44 500739052
45 366750486
46 743021812
47 247882969
48 2033369284
49 615346112
50 1640927614
51 927341193
52 1230603318
53 1160616613
54 1361815267
55 659761192
56 2122554341
57 1146826144
58 1093047343
59 1442601424
60 126937217
61 1315999308
62 89123948
63 461760904
64 1468880062
65 1847301587
66 1819953516
67 626020851
68 382881660
69 287500128
70 2108684181
71 1937857953
72 801779374
73 460461988
74 381247508
75 655034089
76 443496019
77 1804165306
78 537111395
79 1567097504
80 1954629710
81 1131964366
82 1128502197
83 1417322550
84 1053414283
85 301713013
86 2026911037
87 2082708608
88 1206831155
89 1970563340
90 3231781
91 1117369521
92 1733992858
93 1914802129
94 2040011250
95 805760805
96 550595208
97 167998164
98 2023301650
99 832985059
100 2001971791
101 802468419
102 620268854
103 299522835
104 1147067527
105 1149595916
106 1675442325
107 200687483
108 1397322911
109 533840343
110 1230400224
111 1378619091
112 211113916
113 922368405
114 1621939797
115 1467597640
116 1640116324
117 1983071407
118 2036803332
119 1142655584
120 739573430
121 846376770
122 1333117845
123 333135478
124 527508889
125 1216922529
126 125508343
127 2027515935
128 242154246
129 594013515
130 1097059267
131 574983208
132 2027659092
133 2113727808
134 1725192797
135 1530889984
136 332553496
137 230541261
138 614552799
139 1017572656
140 1189544515
141 2006511141
142 1603445853
143 1350256149
144 2052266151
145 2007662735
146 1150983591
147 746831192
148 1737029714
149 1773254183
150 1641885154
