# modulus 2147483489
0 1
1 1
2 2
3 6
4 24
5 119
6 694
7 4581
8 33286
9 260927
10 2174398
11 19053058
12 174094868
13 1648198050
14 1053091153
15 113374925
16 1175770571
17 1064022061
18 1205737174
19 1084735821
20 405285696
21 1257212629
22 1904138560
23 1741564318
24 124787600
25 1644918989
26 386694648
27 760573665
28 1866135874
29 2103668956
30 685344976
31 1949883260
32 69679495
33 1676798953
34 2011873492
35 980975096
36 1831828909
37 235392480
38 866329645
39 1821189096
40 1591278697
41 1739832833
42 174839849
43 277404441
44 1995906409
45 1714653189
46 361243757
47 567277923
48 234401156
49 1132833011
50 834526322
51 684510947
52 502367500
53 1017839531
54 955807349
55 935015161
56 103512200
57 752094948
58 122925752
59 1991342466
60 1988451477
61 2066156194
62 1999181220
63 1460151173
64 1326063121
65 1437022104
66 401159041
67 1405809381
68 1565074257
69 1047140741
70 513463426
71 2046786947
72 1613107766
73 1330081234
74 1157709018
75 1642660038
76 1952151523
77 91304596
78 1965748885
79 1357605844
80 1977091779
81 1365636308
82 1557091680
83 1549651419
84 871385683
85 1714217327
86 101749741
87 841754656
88 2072623866
89 1007617555
90 1808982087
91 532141416
92 1297129961
93 948301326
94 356812626
95 16392314
96 660213652
97 1866342655
98 856106127
99 744741941
100 1704140677
101 490868096
102 1764714914
103 708993720
104 782958286
105 1973641886
106 750352959
107 1763810456
108 1522573207
109 692288813
110 1299401468
111 1590643872
112 1224759318
113 744117030
114 1471128825
115 157026385
116 249917326
117 518548733
118 970004025
119 1983391718
120 1156305446
121 2070131651
122 1339377096
123 1990209723
124 1726855926
125 129427941
126 1165568309
127 148008748
128 720366519
129 105727126
130 1043660536
131 1416794102
132 993311868
133 63292183
134 521376238
135 1406943784
136 2106805566
137 288625750
138 810518293
139 1542373750
140 149488592
141 1606481216
142 510280138
143 463611586
144 122119634
145 1983507655
146 1834495990
147 719939603
148 726014801
149 424354534
150 264427512
# modulus 2147483477
0 1
1 1
2 2
3 6
4 24
5 119
6 694
7 4581
8 33286
9 260927
10 2174398
11 19053058
12 174094868
13 1648198050
14 1053091237
15 113375825
16 1175779799
17 1064118685
18 1206766726
19 1095884109
20 527770344
21 473274824
22 86479440
23 625626812
24 1020117507
25 1016664972
26 663227289
27 1370562478
28 1413215674
29 306764555
30 724267109
31 1916274106
32 1825662893
33 584907645
34 1203811091
35 434668852
36 1412428397
37 50742532
38 72597203
39 1709232431
40 1154905925
41 117934613
42 692343278
43 1386404522
44 344237345
45 857518867
46 1260193258
47 856791383
48 99823173
49 1836103106
50 167315481
51 220212104
52 1139928986
53 1685659587
54 1292317530
55 172851997
56 1231516308
57 117954833
58 1088967172
59 55719068
60 673789292
61 1215732697
62 1975932807
63 1651288522
64 521156435
65 1124032936
66 882017175
67 1190783627
68 1760469280
69 563691390
70 1746197270
71 1320508322
72 279326846
73 1560696063
74 1208788041
75 292541781
76 413703222
77 1344705096
78 623084316
79 224827067
80 1567966465
81 1208504633
82 77952363
83 1860089093
84 322754317
85 159006435
86 669441624
87 1828275580
88 2040253110
89 627139895
90 953721319
91 206811346
92 1581355275
93 619103364
94 1459458643
95 469116564
96 245669225
97 79686486
98 386050961
99 1736130682
100 1984606776
101 254020668
102 1874864956
103 63805633
104 529690612
105 1566413645
106 1988300746
107 487250611
108 235476753
109 1619812740
110 187658902
111 71053854
112 415541477
113 143737647
114 1200058816
115 284524342
116 1391038142
117 1223132863
118 148115077
119 623901036
120 1041366816
121 972963632
122 983303251
123 1610883945
124 895509437
125 262854875
126 1265760694
127 1002904074
128 601432226
129 746691390
130 729023370
131 1368156741
132 487315475
133 1216412159
134 934636726
135 251676081
136 704223988
137 1338341314
138 1111429523
139 11809660
140 586972569
141 488692907
142 1292351474
143 8944376
144 2098442624
145 1129761341
146 1689911171
147 2103115955
148 1704512342
149 817291394
150 2049508707
# modulus 2147483423
0 1
1 1
2 2
3 6
4 24
5 119
6 694
7 4581
8 33286
9 260927
10 2174398
11 19053058
12 174094868
13 1648198050
14 1053091615
15 113379875
16 1175821325
17 1064553493
18 1211399710
19 1146051405
20 1078951260
21 166780133
22 496949468
23 2046382658
24 1828155243
25 1413979875
26 871740161
27 1341136273
28 393226464
29 1066411817
30 1662338727
31 2125314720
32 1555745958
33 576696583
34 544502947
35 316731235
36 1584384938
37 1270747752
38 1566699420
39 987653710
40 1664650972
41 1404584931
42 1056193089
43 1762924071
44 1178579207
45 1086801830
46 366384029
47 1108919833
48 1850549489
49 777570693
50 1561857626
51 1918442821
52 964319604
53 2022867708
54 1579706830
55 1677136057
56 971076460
57 336506446
58 1225229839
59 1764756659
60 457706031
61 1832829383
62 1132023883
63 1629977909
64 1887854429
65 1505512514
66 466394970
67 1135181501
68 405927839
69 1598892946
70 1006339705
71 506638347
72 971492014
73 671935021
74 27788403
75 1464196482
76 1028519222
77 131088164
78 112974400
79 2024363145
80 2079407953
81 329765887
82 530939970
83 996749712
84 8573931
85 117659099
86 762562560
87 348014204
88 1755393735
89 681380904
90 1813022299
91 2098995321
92 686231169
93 1703834005
94 828464898
95 2062397935
96 862479716
97 2018711847
98 745250776
99 147194496
100 1493152188
101 1236124743
102 1169112322
103 1355125679
104 947753746
105 131991408
106 1760532470
107 786929709
108 589770933
109 1985591439
110 890918689
111 1787232782
112 954816243
113 176889909
114 1523763620
115 1062474010
116 717754858
117 1712703811
118 439835826
119 283095202
120 153933988
121 1262420010
122 269861863
123 859319073
124 482355072
125 724866169
126 1491582291
127 493190960
128 1668692782
129 703124266
130 204832134
131 1436520163
132 1747235456
133 1689090818
134 1369737318
135 605237792
136 685146063
137 696668304
138 834023387
139 356587547
140 101295577
141 1013135330
142 93351656
143 959990345
144 1004365102
145 928208034
146 1521618013
147 238514774
148 922041917
149 1532597338
150 646792643
# modulus 2147483399
0 1
1 1
2 2
3 6
4 24
5 119
6 694
7 4581
8 33286
9 260927
10 2174398
11 19053058
12 174094868
13 1648198050
14 1053091783
15 113381675
16 1175839781
17 1064746741
18 1213458814
19 1168347981
20 1323920556
21 746388174
22 1156600234
23 1962014589
24 1471601550
25 160606685
26 1461515951
27 846938920
28 344534258
29 1169625166
30 1829250471
31 130031135
32 204531291
33 1357994859
34 108704581
35 1264176806
36 993328509
37 213786971
38 1663824669
39 154527754
40 1798867477
41 208251484
42 1247825695
43 98388695
44 202085511
45 1170120248
46 375413258
47 102747906
48 967522362
49 253676354
50 691311782
51 1436833290
52 474349755
53 1318970474
54 125390146
55 1999185940
56 1754188104
57 2017113453
58 1089530336
59 1101189362
60 1668058673
61 2071810758
62 1549271782
63 870756935
64 1996546307
65 1035783315
66 916034636
67 2105808265
68 183686452
69 562724955
70 2089200726
71 1834098342
72 1413898844
73 2002737658
74 638510493
75 1395851180
76 510209325
77 2125487664
78 1461107334
79 1365504563
80 129355739
81 1621800674
82 979132703
83 261967589
84 1165351438
85 971480548
86 1173815496
87 1231501465
88 1561411464
89 108759365
90 434108104
91 754921428
92 1210796340
93 395430421
94 799963543
95 822768965
96 329981869
97 721077511
98 2117822240
99 104843994
100 59984719
101 1015446834
102 1494482767
103 576530578
104 1738063032
105 934493415
106 1035649330
107 402466327
108 1341986375
109 1009852770
110 478038861
111 2004429274
112 342986157
113 955973181
114 1758993413
115 329796385
116 214695272
117 1709052701
118 1285592470
119 1913774206
120 1199450148
121 195182288
122 1463229484
123 1267130693
124 187256490
125 1992076995
126 965611935
127 71058365
128 1566785472
129 972640153
130 1971724136
131 2108133851
132 328960377
133 1586226768
134 1377546153
135 1362907288
136 1197932324
137 456991458
138 1017772629
139 1143662349
140 1890352930
141 1359746819
142 984717997
143 2022806406
144 1650221025
145 1378543674
146 563929318
147 1485301782
148 1624550373
149 209141133
150 1290325799
# modulus 2147483353
0 1
1 1
2 2
3 6
4 24
5 119
6 694
7 4581
8 33286
9 260927
10 2174398
11 19053058
12 174094868
13 1648198050
14 1053092105
15 113385125
16 1175875155
17 1065117133
18 1217405430
19 1211083085
20 1793445040
21 1678346774
22 2063018855
23 547632370
24 251587696
25 1698281693
26 1552381517
27 1914059014
28 398619480
29 2105294614
30 885055128
31 134696331
32 282074324
33 1369844137
34 49382186
35 22567845
36 740204599
37 1539317072
38 596157039
39 864912714
40 100967048
41 1087401542
42 998666834
43 41829360
44 1473009250
45 1522318526
46 1644953196
47 416517324
48 326308425
49 408430134
50 1093590068
51 1928495273
52 219838311
53 547873796
54 438564684
55 1632387394
56 1101796724
57 766236801
58 1489896255
59 573206124
60 764514492
61 10695468
62 835732297
63 1522742882
64 531135762
65 1337155926
66 610709543
67 2111229103
68 625209914
69 119851696
70 1606765888
71 127295309
72 521650249
73 29342726
74 1601909931
75 917794739
76 791217452
77 662500920
78 1990248997
79 1520614530
80 137582198
81 15886396
82 423025038
83 1966156842
84 1262477823
85 1406497438
86 2069681397
87 405614095
88 151407464
89 966113808
90 1605327464
91 652211175
92 1110680918
93 1386435502
94 1336085129
95 1497170711
96 1300218760
97 1656879815
98 1877516683
99 636073096
100 1943616231
101 1629873232
102 572402086
103 793840575
104 1598352087
105 1990569360
106 3490163
107 1811870056
108 1432533514
109 225159748
110 938476680
111 1209951980
112 1208118036
113 1566193334
114 730264843
115 205069669
116 1138652365
117 1983908489
118 1796380543
119 1769428123
120 205132339
121 1479346184
122 828592298
123 1709800578
124 1470242706
125 1443181152
126 1089273668
127 1090152308
128 781874947
129 2015656340
130 875167851
131 554840904
132 2076077544
133 1987297019
134 330042344
135 1169860398
136 1665634771
137 2109548045
138 1853260160
139 688153721
140 1940502969
141 1062147626
142 1897245416
143 705340753
144 1081969492
145 1112280713
146 1778375747
147 940700322
148 194028585
149 2017963707
150 1519574581
# modulus 2147483323
0 1
1 1
2 2
3 6
4 24
5 119
6 694
7 4581
8 33286
9 260927
10 2174398
11 19053058
12 174094868
13 1648198050
14 1053092315
15 113387375
16 1175898225
17 1065358693
18 1219979310
19 1238953805
20 2099656660
21 792244518
22 1813843211
23 2052814541
24 1416850267
25 1209279837
26 1262385063
27 1308599847
28 1498636465
29 1483963785
30 147842201
31 201530052
32 1070943681
33 1594082709
34 1215647865
35 294364747
36 987154837
37 426968112
38 1219042828
39 1561067626
40 26624690
41 1862794399
42 532741877
43 731862190
44 1610289811
45 2109137893
46 122768305
47 2047597078
48 1392107723
49 829324673
50 144766366
51 772285540
52 1944441135
53 1683337054
54 400147082
55 1469640661
56 463967994
57 923727980
58 195606806
59 1763537068
60 1074431186
61 1553980810
62 1122658561
63 315841538
64 1804308443
65 2121785528
66 1404406437
67 1430810099
68 1709098035
69 477170895
70 1230035210
71 274556188
72 2090310256
73 357201642
74 789910851
75 275362821
76 1053846295
77 1374645750
78 892603816
79 321714211
80 1983696166
81 1354679121
82 1868344079
83 1112810360
84 1246028548
85 1786216093
86 614156465
87 2038592406
88 853790153
89 337982669
90 208532289
91 408339160
92 2071479689
93 846312587
94 1914480688
95 1720729926
96 914631637
97 857549618
98 82885763
99 856632181
100 536308761
101 290261610
102 1701125056
103 949306555
104 1440802308
105 951123048
106 3483496
107 838970935
108 138189049
109 558838157
110 876400776
111 459140045
112 53407903
113 146744053
114 834327688
115 284586593
116 1388494843
117 1244047713
118 1314740460
119 449497964
120 21411830
121 1486743835
122 2085146856
123 539780489
124 1620618905
125 331387339
126 1620945151
127 2024076860
128 1663059581
129 2083915881
130 1558443507
131 737965702
132 1558914998
133 1636233959
134 618496069
135 1713788820
136 358794706
137 1408650135
138 398729552
139 1569305994
140 1785527419
141 2010685015
142 1045245353
143 936921576
144 1831243453
145 2117403768
146 1258463543
147 1771231506
148 1536196470
149 713811611
150 467664296
# modulus 2147483269
0 1
1 1
2 2
3 6
4 24
5 119
6 694
7 4581
8 33286
9 260927
10 2174398
11 19053058
12 174094868
13 1648198050
14 1053092693
15 113391425
16 1175939751
17 1065793501
18 1224612294
19 1289121101
20 503354307
21 485750721
22 76839812
23 1326199912
24 78703926
25 1621680912
26 1647567355
27 1216987481
28 1650885582
29 573991760
30 1783354906
31 665679850
32 671060423
33 952966669
34 1563523190
35 1926467634
36 738340848
37 644727699
38 1652255357
39 398280412
40 1114546776
41 1175590175
42 207967745
43 129644189
44 1934552262
45 1396396727
46 196277756
47 349834583
48 625518327
49 858251254
50 1839818517
51 1394815493
52 596722809
53 1111394205
54 1827167464
55 579360720
56 489803697
57 1437964117
58 25072713
59 513935891
60 1352038524
61 2031727989
62 408126078
63 370898255
64 21793010
65 1695406449
66 1899745374
67 1723490123
68 717267589
69 405681775
70 1575588442
71 2065116401
72 227268424
73 388991850
74 1139015996
75 1844593825
76 140459554
77 1188856305
78 1718855655
79 365222804
80 1080357530
81 916793304
82 2005215975
83 1297374679
84 1767470185
85 1234889991
86 106390015
87 374211486
88 1735996733
89 32470829
90 2048338673
91 123109002
92 1889883250
93 955870982
94 2132069395
95 1301302194
96 54837148
97 1809029027
98 1432142140
99 138824186
100 1666175082
101 1395679610
102 1507697621
103 1207443738
104 1627141521
105 1319764571
106 205224154
107 666649417
108 1768556377
109 1878025053
110 1096623317
111 2071513595
112 819367010
113 1216564187
114 1053311167
115 658193131
116 1962207789
117 242949917
118 266401353
119 1463125398
120 1635568755
121 1238965794
122 1343771481
123 1780248452
124 463253476
125 1151068603
126 501352824
127 2109515558
128 10861469
129 1271692453
130 806945992
131 2033371411
132 752296629
133 643371620
134 691286612
135 852998633
136 1371229924
137 1046682813
138 1175463448
139 226188773
140 767092082
141 1757220463
142 736221855
143 93841089
144 1254062091
145 1142188126
146 230506992
147 1658056918
148 543639481
149 1605434530
150 465949418
# modulus 2147483249
0 1
1 1
2 2
3 6
4 24
5 119
6 694
7 4581
8 33286
9 260927
10 2174398
11 19053058
12 174094868
13 1648198050
14 1053092833
15 113392925
16 1175955131
17 1065954541
18 1226328214
19 1307701581
20 707495407
21 610843832
22 2058207873
23 898020608
24 855792468
25 2014373743
26 56147241
27 493716764
28 1368454688
29 5762065
30 1443053485
31 465171197
32 882104171
33 826727409
34 1222005674
35 36459042
36 1585835126
37 1233264051
38 956023740
39 1672746247
40 593380747
41 1795544230
42 1898626544
43 282165227
44 85642468
45 1485934069
46 1937029957
47 659129235
48 173881528
49 1096408053
50 1379851045
51 794079760
52 1717355254
53 267676290
54 1191960337
55 49771390
56 1148942321
57 1712461925
58 983357528
59 1981850809
60 2056066674
61 1932969901
62 1907862992
63 318434034
64 207688119
65 626337067
66 975281626
67 240947285
68 355103275
69 635641348
70 1781836473
71 615068326
72 895214664
73 316803328
74 11779469
75 1296394192
76 870325675
77 621024127
78 501594092
79 2011372261
80 324850304
81 686400974
82 2022404933
83 1196655625
84 1313670487
85 1092378415
86 743946715
87 1690777695
88 1618919845
89 365317442
90 2086165366
91 1240894487
92 1097383237
93 1817540819
94 1707519858
95 1522703357
96 1489012130
97 1885875362
98 1441346252
99 2141281674
100 441698638
101 2103987404
102 1990536781
103 1923211889
104 958499932
105 1472016430
106 92003718
107 1179745105
108 1459628431
109 1423666234
110 631958720
111 1071980963
112 1050661540
113 505577762
114 412302432
115 255427268
116 481321679
117 335482396
118 188736845
119 1738125582
120 955727050
121 1682421918
122 157504492
123 313179951
124 1822474359
125 240809029
126 703181563
127 96447921
128 29548554
129 1908914283
130 746449005
131 530021714
132 546619628
133 2021996606
134 731776621
135 1117827002
136 34145853
137 797666418
138 1806149646
139 1174692853
140 450849578
141 578161239
142 1163661655
143 1316613323
144 1769503674
145 1220576789
146 848855346
147 1263236049
148 1766828201
149 284314403
150 723160322
