0 1
1 1
2 2
3 6
4 24
5 119
6 694
7 4581
8 33286
9 260927
10 2174398
11 19053058
12 174094868
13 1648198050
14 16085475576
15 161174636600
16 1652590573612
17 17292601075489
18 184246699159418
19 1995064785620557
20 21919480341617102
21 244015986016996763
22 2749174129340156922
23 31313478171012371344
24 360255986786421416732
25 4183070452633759090955
26 48986523769015357032198
27 578206680078321677926243
28 6874980474915672234467546
29 82304535648461975451548665
30 991616845084163682606574690
31 12018623960660648732043108236
32 146485906304516810441189872944
33 1794821648034000876264042548584
34 22100296988209234442906993051148
35 273403875115345240640782267774933
36 3397265478370644373888969043987798
37 42390654276862318987924771182245333
38 531046062568575470104433070622179610
39 6677725754258866229602133531361737423
40 84271101653297542971523427294826587026
41 1067106453996628266482265221369920730685
42 13556463333427837601509467818845926041402
43 172754778199670596154533937167669307654410
44 2207997375621455057563412559728665663908952
45 28300601562687087825595541349428493060121620
46 363721413147097755000215969583003812487204212
47 4686719463401144755295065597577608368821746372
48 60541027957416955463504674050587692574854030284
49 783913304596991700862314173555047510010515610242
50 10173794155559482877894653541881296457481305221712
51 132329344530258224873895128478014580338991088093804
52 1724850733001376505196844352334493017320615068361264
53 22528635418949352892446839110710404213558514478245817
54 294831596766937716268037609271291613788412819634807946
55 3865791552768627603835176747589517897732996119878199124
56 50780764647768448402998478999557304946025322233762469292
57 668234767800514112733744540760637713428353701070042401244
58 8808500156368410606327194083964325334958415063214901767472
59 116303632576173111215215719528962907927490228070522118618620
60 1538082313071387895955058454391545079281798160033375535724140
61 20372230238178055420208297565351600788084279014361321902691017
62 270239641023991120640126731527285517201613808159232825684115258
63 3589969850802043682014687828147559089201473415395061513423030850
64 47757824730025417542583072579874816516811951555823183705939815104
65 636197368964595765929589928019419580463442373261960873762084467214
66 8486238419199195151180231914691525716782884777187124380379254855012
67 113343816209990591440825232244245762216284639307429972421893571415713
68 1515736192213738031953230262229499825398350671968802265475085661967390
69 20294447635015683389949239273705964223243556178512267499006366206668507
70 272047014426505848053184970016495041863317183438034114760726065251824322
71 3650982161839069245244704534509742637654076726349158226492884931736173219
72 49052479122475377086437757538549643339461005664517035047738861064660650462
73 659758130045267152279725187963519417028655461010134067851632959874299139314
74 8883183490302999538631811574792997430948698470130245020946152645591389765992
75 119729358528034563299140115867589732584037184044497744461031132334923227197902
76 1615360029787371109415151060029379769950586589470709389115337666950300899664892
77 21815422062572671915613939537695855501209448778205442702933011769377618433242686
78 294898723790650390962604916545121449539951614378915249501191039739041483852959800
79 3990128916983023825344047432227024955428537983460787346271686479611600994645296610
80 54037578151511512886697895933429730101506005764295760914601440348390527553113513544
81 732470695787396135891333162990733724368276592608371851465544159561025178635175769772
82 9937128769176656421419092452887955033598335366999071875967635744774974564200659117548
83 134927057545083737609802098382402930712001332297430223363010994347741127456625629783815
84 1833564298470349966167821633799293925708012929531144181926207851408694378370786387962106
85 24936987769681803517601585663438573159992807963060160985706615906413792381746611206207656
86 339417841384983108368786300439574902504708528447107262619090300949990836713477044372548200
87 4623389813573162702999384530362304970582133728667728529345995317446091754352824918033736932
88 63025184701123960586157443211987259193069792692902460345472740033959620589563516962175762156
89 859782022047797000841999043030882088247695604341427037069858975150516775309224741175270289158
90 11737518563588091129546918100798850228273660484119392151874331950918346006619886950191472281968
91 160350836979139872045813245953287523532525710447311628793013939322195149090814497641196690199662
92 2192131987109414077935696751867251514038826803491822614073699040751887935131768215692329235999772
93 29988616119654574669931629516626638403264792399086018970573046705907201033287644044741340070499810
94 410520012982858133488932424204527420227705910141198543821568605557259933422801670127716167480030716
95 5623342572716499388746567423359998133608409159982190732464014233765808036067188230340112988406885022
96 77078160869705816064713862210445629818425057205049957732521026206142244852541712875634962583809271548
97 1057156320285294975322533171502298939572250426724355985141171330739371795186033730932413435589856463821
98 14508174800251032832547433611548081747556481234132978148730954621744196442377926303698404640574891987078
99 199226381683394505556477503004006359164059783018640853300342871803230336527303096113734849673062751748878
100 2737388039989652039402683123595564900052295798705401904669886225214721587169666896679303345616965357791692
101 37633657852577295515938118614753734403374632919373730038289413210886297112574331250769271763234003207904173
102 517681074767193791513246642814865054269323150583629363957875765461686870852650773996753750983331131357734642
103 7125072889387011819431680582383617770597157025722932423352288227884540139661731894050251899872663503306972148
104 98118976651311111562182027851759375371196013782517272926719928920090900541684884666704307686603583160370576288
105 1351913854945053107570719749094452892610970406207143775259030194666645537732301333957038263863420274281463650988
106 18636875104866096665686347589867169831496106153258226083376770929927601165630187494152242152765003966708356913064
107 257052073532403515887616633467023114202592964071432153482472422862348722761161516070096950747903961424706456942695
108 3547227605403955563169536709909640179024065361976505201373694584176645091204742932487460534349055456622941044166654
109 48974839607826106512002615899017545090905693643279011854104572269482347501402651897116394151994259934803114638905243
110 676502197997801215901963374914869528995256324540987839411917225509016866791542589655199885439826074407046924952408898
111 9349188703636114960708273560347280144780981040805448218497324531421955552794901070062206506971943240938186265399093738
112 129265777304409108957876624127281784510631204340133015651478770431226339998247816430947772732370082976577055112938752236
113 1788111572528009615936128116354534934907470057022987605000628629773852297586344346007828920902167000873306040371063803873
114 24745923432425372445157278609396623220837867566370792938373743899401390913790568070123250526795779043377232602253255576594
115 342615799259874950668855613524091646381969873993476766664645672444044190704784729206937522642644539743524462329800123700370
116 4745724614482935808495062254076451604729432463772442277520533543205040095414302139675043915659584009727744771019307105333916
117 65763655328780754911641389337428425748950351784588656618537941110828110396534978147413025464773148772639802457448464377792529
118 911705419352357498379290581196760259652970839460217837261701587147980467350994638914026011819580642886297040916626875834822526
119 12644606014899980791776897876244399871555890243791303782003851272728140643558085756163233879053402745965821396395826059962797404
120 175442702509822147985335701501974531453094038892893927706038141769015376152670240615841089211933647448259578942911981886453755604
121 2435239585126200990490755816497211292795046884093419434578244423305709293857480514619339813625002537167967120410734363319876967948
122 33815955865689577139802606787048200719676146744391601069659180439415699172115759780527541490505233981430656555932318142789359438752
123 469756181105550760071485061636876000964235830687538016421615310777967920871254188566087243940815482277690970121779493930841593298130
124 6528171272988602742752484493334116443049778290207571031602475249091834806521654542905825038464084349567351281779467610361098370699540
125 90756174282498607768851173542018872392585234755491109397423318050280577509945964251474254646808326331959213320183218170068082981344491
126 1262187536798283652761248124014664045548486100403589565434039533814917831658917736178190814940192930085454662691321144782234665114560422
127 17560310190836167080815576301938702720673144179960571273077044363285372443846764911595900227541311869721381136709075190282551639435152066
128 244398562024350477867318761218851447866336254257828285327256566182313295602141223398561755753251265509350980434171123501615786711552926560
129 3402678454897421040298760203848441509080209510780053075601601999712239426479807488518996941453379649020437701265914194079851285518937738301
130 47391086526503124114360476298029532292560714935576358525483419111482917927817941144514642187010866089755341096900788121439669638829768956790
131 660273169543455564128368838400652694247668942996577664399140043197359572437772351129083177454605770551790858979277493054095334747175771895251
132 9202369213888951903440158916660337756510343406411879781374877868570108655535481378072433961561668880895267757484886531295466496516463795053758
133 128298777136403556067656393277227954699261929559377458084621793268820851549978620055908004120417531636621876745520488778903383974920074140641035
134 1789328692178708204147506388537412658196864868285303673233935032086654712547212112777041751871075660806877316132179109534382046711205184582952538
135 24963209054524493263906148679583307961106390480909725419174379386670634601479031113087574966806876691118720005957898611058986632924698616286915476
136 348378510455198366578470607454455368857181201810886513878833703560325996908031591053764251303515382170617530128166822371719807632788958868791992380
137 4863411077450266341230811697505751576683325835464929235848395922886190802636035024698097896360870340132339305679094706806428982205110128617960065567
138 67915256024855601425490482594957563511669380763390115681704931532789826807521703043521771923981514631635720604376430595566891336088083076406569004466
139 948699234194202705139615669803085096043986655683855727989435445904037112649211685969362575859994416410183246042589201580305602554438207946103561169988
140 13256312920967890009705999172997268548516229398560930152639063995843528477800927883129810690309462018830746612767544034249954911304218723154384122701096
141 185288351260158636665154188074881299733908503673301584716105567137519163453156092505084472656884441044425731642146730167064793041572656010317336745260230
142 2590615022293034381372532093977478210955670804233577980675798231493541989363113841151894548670967420193329587946042347831801662279707120672955517288773276
143 36231414750966600876919277823802129813447986225375257790060163352933739873961213287420975500425725343682999003885891306094188761363063724056324785823177873
144 506866570108080992172827702390824721485314592184236068629394550709633572784507558031741140313981790054699490480890332852463168535779082217300140047632872622
145 7092939827647549195931922057762445045917258545584100340644072579925164501665436459000691138336169565082572217568497683009594526954090030622226217099351149132
146 99284518595778899542692296410464569463135271052892338376448751799696385456954495871467249870870043899715835749168084058967962235009591429889624809811996930400
147 1390137692824508564337777868180587785468827931944769679527376580482443658017561107163226662022575277081761365776749741699180828349495930184915117643473649518426
148 19469444294891725939157083479694442065267747652257832951062157183531740388546951957211475135962040032085429461259232291433428857567215495002695620164810628780672
149 272751533859863976347598705423927955482798527767963594985771513751414865658702668306436986953076260565473100844770203223196420613511632988251274688398628136581935
150 3822057739178404099007719791632020545156266830969175221131470523342088859240655328289587697088297741511203960758500758477699391695509589920898592073159171767612574
