0 1
1 1
2 2
3 6
4 24
5 119
6 694
7 4581
8 33286
9 260927
10 2174398
11 19053058
12 174094868
13 1648198050
14 16085475576
15 161174636600
16 1652590573612
17 17292601075489
18 184246699159418
19 1995064785620557
20 21919480341617102
21 244015986016996763
22 2749174129340156922
23 31313478171012371344
24 360255986786421416732
25 4183070452633759090955
26 48986523769015357032198
27 578206680078321677926243
28 6874980474915672234467546
29 82304535648461975451548665
30 991616845084163682606574690
31 12018623960660648732043108236
32 146485906304516810441189872944
33 1794821648034000876264042548584
34 22100296988209234442906993051148
35 273403875115345240640782267774933
36 3397265478370644373888969043987798
37 42390654276862318987924771182245333
38 531046062568575470104433070622179610
39 6677725754258866229602133531361737423
40 84271101653297542971523427294826587026
41 1067106453996628266482265221369920730685
42 13556463333427837601509467818845926041402
43 172754778199670596154533937167669307654410
44 2207997375621455057563412559728665663908952
45 28300601562687087825595541349428493060121620
46 363721413147097755000215969583003812487204212
47 4686719463401144755295065597577608368821746372
48 60541027957416955463504674050587692574854030284
49 783913304596991700862314173555047510010515610242
50 10173794155559482877894653541881296457481305221712
51 132329344530258224873895128478014580338991088093804
52 1724850733001376505196844352334493017320615068361264
53 22528635418949352892446839110710404213558514478245817
54 294831596766937716268037609271291613788412819634807946
55 3865791552768627603835176747589517897732996119878199124
56 50780764647768448402998478999557304946025322233762469292
57 668234767800514112733744540760637713428353701070042401244
58 8808500156368410606327194083964325334958415063214901767472
59 116303632576173111215215719528962907927490228070522118618620
60 1538082313071387895955058454391545079281798160033375535724140
61 20372230238178055420208297565351600788084279014361321902691017
62 270239641023991120640126731527285517201613808159232825684115258
63 3589969850802043682014687828147559089201473415395061513423030850
64 47757824730025417542583072579874816516811951555823183705939815104
65 636197368964595765929589928019419580463442373261960873762084467214
66 8486238419199195151180231914691525716782884777187124380379254855012
67 113343816209990591440825232244245762216284639307429972421893571415713
68 1515736192213738031953230262229499825398350671968802265475085661967390
69 20294447635015683389949239273705964223243556178512267499006366206668507
70 272047014426505848053184970016495041863317183438034114760726065251824322
71 3650982161839069245244704534509742637654076726349158226492884931736173219
72 49052479122475377086437757538549643339461005664517035047738861064660650462
73 659758130045267152279725187963519417028655461010134067851632959874299139314
74 8883183490302999538631811574792997430948698470130245020946152645591389765992
75 119729358528034563299140115867589732584037184044497744461031132334923227197902
76 1615360029787371109415151060029379769950586589470709389115337666950300899664892
77 21815422062572671915613939537695855501209448778205442702933011769377618433242686
78 294898723790650390962604916545121449539951614378915249501191039739041483852959800
79 3990128916983023825344047432227024955428537983460787346271686479611600994645296610
80 54037578151511512886697895933429730101506005764295760914601440348390527553113513544
81 732470695787396135891333162990733724368276592608371851465544159561025178635175769772
82 9937128769176656421419092452887955033598335366999071875967635744774974564200659117548
83 134927057545083737609802098382402930712001332297430223363010994347741127456625629783815
84 1833564298470349966167821633799293925708012929531144181926207851408694378370786387962106
85 24936987769681803517601585663438573159992807963060160985706615906413792381746611206207656
86 339417841384983108368786300439574902504708528447107262619090300949990836713477044372548200
87 4623389813573162702999384530362304970582133728667728529345995317446091754352824918033736932
88 63025184701123960586157443211987259193069792692902460345472740033959620589563516962175762156
89 859782022047797000841999043030882088247695604341427037069858975150516775309224741175270289158
90 11737518563588091129546918100798850228273660484119392151874331950918346006619886950191472281968
91 160350836979139872045813245953287523532525710447311628793013939322195149090814497641196690199662
92 2192131987109414077935696751867251514038826803491822614073699040751887935131768215692329235999772
93 29988616119654574669931629516626638403264792399086018970573046705907201033287644044741340070499810
94 410520012982858133488932424204527420227705910141198543821568605557259933422801670127716167480030716
95 5623342572716499388746567423359998133608409159982190732464014233765808036067188230340112988406885022
96 77078160869705816064713862210445629818425057205049957732521026206142244852541712875634962583809271548
97 1057156320285294975322533171502298939572250426724355985141171330739371795186033730932413435589856463821
98 14508174800251032832547433611548081747556481234132978148730954621744196442377926303698404640574891987078
99 199226381683394505556477503004006359164059783018640853300342871803230336527303096113734849673062751748878
100 2737388039989652039402683123595564900052295798705401904669886225214721587169666896679303345616965357791692
101 37633657852577295515938118614753734403374632919373730038289413210886297112574331250769271763234003207904173
102 517681074767193791513246642814865054269323150583629363957875765461686870852650773996753750983331131357734642
103 7125072889387011819431680582383617770597157025722932423352288227884540139661731894050251899872663503306972148
104 98118976651311111562182027851759375371196013782517272926719928920090900541684884666704307686603583160370576288
105 1351913854945053107570719749094452892610970406207143775259030194666645537732301333957038263863420274281463650988
106 18636875104866096665686347589867169831496106153258226083376770929927601165630187494152242152765003966708356913064
107 257052073532403515887616633467023114202592964071432153482472422862348722761161516070096950747903961424706456942695
108 3547227605403955563169536709909640179024065361976505201373694584176645091204742932487460534349055456622941044166654
109 48974839607826106512002615899017545090905693643279011854104572269482347501402651897116394151994259934803114638905243
110 676502197997801215901963374914869528995256324540987839411917225509016866791542589655199885439826074407046924952408898
111 9349188703636114960708273560347280144780981040805448218497324531421955552794901070062206506971943240938186265399093738
112 129265777304409108957876624127281784510631204340133015651478770431226339998247816430947772732370082976577055112938752236
113 1788111572528009615936128116354534934907470057022987605000628629773852297586344346007828920902167000873306040371063803873
114 24745923432425372445157278609396623220837867566370792938373743899401390913790568070123250526795779043377232602253255576594
115 342615799259874950668855613524091646381969873993476766664645672444044190704784729206937522642644539743524462329800123700370
116 4745724614482935808495062254076451604729432463772442277520533543205040095414302139675043915659584009727744771019307105333916
117 65763655328780754911641389337428425748950351784588656618537941110828110396534978147413025464773148772639802457448464377792529
118 911705419352357498379290581196760259652970839460217837261701587147980467350994638914026011819580642886297040916626875834822526
119 12644606014899980791776897876244399871555890243791303782003851272728140643558085756163233879053402745965821396395826059962797404
120 175442702509822147985335701501974531453094038892893927706038141769015376152670240615841089211933647448259578942911981886453755604
121 2435239585126200990490755816497211292795046884093419434578244423305709293857480514619339813625002537167967120410734363319876967948
122 33815955865689577139802606787048200719676146744391601069659180439415699172115759780527541490505233981430656555932318142789359438752
123 469756181105550760071485061636876000964235830687538016421615310777967920871254188566087243940815482277690970121779493930841593298130
124 6528171272988602742752484493334116443049778290207571031602475249091834806521654542905825038464084349567351281779467610361098370699540
125 90756174282498607768851173542018872392585234755491109397423318050280577509945964251474254646808326331959213320183218170068082981344491
126 1262187536798283652761248124014664045548486100403589565434039533814917831658917736178190814940192930085454662691321144782234665114560422
127 17560310190836167080815576301938702720673144179960571273077044363285372443846764911595900227541311869721381136709075190282551639435152066
128 244398562024350477867318761218851447866336254257828285327256566182313295602141223398561755753251265509350980434171123501615786711552926560
129 3402678454897421040298760203848441509080209510780053075601601999712239426479807488518996941453379649020437701265914194079851285518937738301
130 47391086526503124114360476298029532292560714935576358525483419111482917927817941144514642187010866089755341096900788121439669638829768956790
131 660273169543455564128368838400652694247668942996577664399140043197359572437772351129083177454605770551790858979277493054095334747175771895251
132 9202369213888951903440158916660337756510343406411879781374877868570108655535481378072433961561668880895267757484886531295466496516463795053758
133 128298777136403556067656393277227954699261929559377458084621793268820851549978620055908004120417531636621876745520488778903383974920074140641035
134 1789328692178708204147506388537412658196864868285303673233935032086654712547212112777041751871075660806877316132179109534382046711205184582952538
135 24963209054524493263906148679583307961106390480909725419174379386670634601479031113087574966806876691118720005957898611058986632924698616286915476
136 348378510455198366578470607454455368857181201810886513878833703560325996908031591053764251303515382170617530128166822371719807632788958868791992380
137 4863411077450266341230811697505751576683325835464929235848395922886190802636035024698097896360870340132339305679094706806428982205110128617960065567
138 67915256024855601425490482594957563511669380763390115681704931532789826807521703043521771923981514631635720604376430595566891336088083076406569004466
139 948699234194202705139615669803085096043986655683855727989435445904037112649211685969362575859994416410183246042589201580305602554438207946103561169988
140 13256312920967890009705999172997268548516229398560930152639063995843528477800927883129810690309462018830746612767544034249954911304218723154384122701096
141 185288351260158636665154188074881299733908503673301584716105567137519163453156092505084472656884441044425731642146730167064793041572656010317336745260230
142 2590615022293034381372532093977478210955670804233577980675798231493541989363113841151894548670967420193329587946042347831801662279707120672955517288773276
143 36231414750966600876919277823802129813447986225375257790060163352933739873961213287420975500425725343682999003885891306094188761363063724056324785823177873
144 506866570108080992172827702390824721485314592184236068629394550709633572784507558031741140313981790054699490480890332852463168535779082217300140047632872622
145 7092939827647549195931922057762445045917258545584100340644072579925164501665436459000691138336169565082572217568497683009594526954090030622226217099351149132
146 99284518595778899542692296410464569463135271052892338376448751799696385456954495871467249870870043899715835749168084058967962235009591429889624809811996930400
147 1390137692824508564337777868180587785468827931944769679527376580482443658017561107163226662022575277081761365776749741699180828349495930184915117643473649518426
148 19469444294891725939157083479694442065267747652257832951062157183531740388546951957211475135962040032085429461259232291433428857567215495002695620164810628780672
149 272751533859863976347598705423927955482798527767963594985771513751414865658702668306436986953076260565473100844770203223196420613511632988251274688398628136581935
150 3822057739178404099007719791632020545156266830969175221131470523342088859240655328289587697088297741511203960758500758477699391695509589920898592073159171767612574
151 53572535170192135349824285902207424461444124500766429826194160486194165550848625004189123039720078004158493122265473895121305995472424322617920810439870821054167316
152 751104929393972028216064086490929413488529603744200403305377006804166013820093879948073605806416522188717998429532064766486781663830672906703987252529762981829258540
153 10533460177895507882654549612811005188704569579660938927276677155767051112025105150116778893447516943767604372282891253332221100465941370507916320297820972121064923953
154 147758385092136999765010954406939765313080784667847645518380070199334242543315149867834907800037551351625458705676369500763420349517107850465756396945716949619894162734
155 2073206080421798338300645213478325262324696780798244424973989390584153112257437717830968410973580070785665805928067761952722902222692097776866438542741472028684226887931
156 29096498240108743337252483143298510672548360103193769853397472847673293249857481762256665174455126316563465251055342415379353486644810578067470677204845073398891605863790
157 408456269984486863104963525193313808639468472890543326373757695150143093217700148051063336182861261465673180672510410689794684996190793610592222311064573028753768994350127
158 5735294238211936363786090805202360232986512968174242388225070018336259536449145781274807185737797901595019209440766450600676906652541259154482964157515962836943356954508370
159 80550800535199313444081285775163030776763881458563880804293429835649862295076285494727095642075194461107465977044280886215123498331806961672714672304171038967505164850007047
160 1131583978088669032349828189334469794987417196690594464465089033340608901207342599320719833110771173906279550937136370868849435227504240629867030201348709567928678725132227994
161 15900297968504536014389561877238142666900388645391062805640061839851463521416925578350739767520345911568471191917095970364655170107619105060850794837953787491128418696750467642
162 223472494118620372394430089885856548760622150886947351090130048228384207291834951677494479337719964412814704181362341097562414281436104651967145631061041621536506514791621781388
163 3141536037745461275057724665701360437924889703600598535894198093773951153933689533621585408654298761519286528357872551554818469728899313173851907809391183320372321729899908933693
164 44173113499592487967963628092629727514481634533815930269603267142225538977305359283214074339531937359248697711581080130164438022832326046976360353690971189162113336346473058214722
165 621256335183072225015796418164013295986365149241515924754399410719257288347303352225764666612740669387891067500272051956494201801340832400188740347907714572461989902249270955244247
166 8739355037430613222006095071128206918838138338762991718279507555027807297599713042349155832623047714322889285200097425380010279712701427352481879111364115619383645756574288845521702
167 122965298305237398698018836598873876740432249794427572257864930157509795099534153584904970245170009577934270063693499672882695427633097304899399822630668532184094607143488295599723962
168 1730530678222422806899488184532088845901548728196359816724560644967969188614074354032336209211867565233511968207292629069211584582733235542850872483687552766725546852413521835618160188
169 24359508705292619256778162793842956218595693311143185022434681854042719353305643431331351155663572282700933064097825594829610055651535916209980079024710251605112658838515947695458658650
170 342964516532459700600312583171067957519707113991381462533419429134764465582491580549756669758741864749177436856404661081843424598572960503896511596382400098448747606219199680975084325400
171 4829701282671782502481872226395361819459780646268712228237580724842026500022757749451481774788017150781355281070685333663958458580027115736722773264999701333616554229295732199421926268642
172 68026912085250777162988991679139584185290464804444574333488714395760219647399761484505811105109486404304184530626811968086344458853454148406316534262886367702990404176379224792249161598228
173 958362163844376616779863862295436691333373694728396874862997389046324471006998558953488809606909534617259436544225642482370725878134751089814898566871812571504351584760014938091476272270885
174 13504111040187950820952342645756953967423153811621658195547195560571831754864176319824953703091002819958632794511363740733858372706175202761502561025637320743430996374022248182110628496553362
175 190321924921794142071144486549797480940244069379887433865375664880979188484559169680276116704593818750536596953142281838286109046425012893098997917352665511896610743350110059955376161526862617
176 2682854869526397699818478105320074614804878747457601277856305832821297585483603809551715769775795752307587671151974548109256020346536209754527557845264318354851107489724471695181994253876501594
177 37825976483902713711129280178281277454163805429146978256083171714213167764999323760157270291848749666688397289369303784213225448889082698695319914954965166499900821636950280596164580250731304675
178 533416953175793372786928301603414076202319168736087226214220959859500850150373736611933710411975587173584551598493477512960134115725538327456564198333616243491458280144336335414325565044346472118
179 7523610110831962966264499987140180233697713441458668165423896074969156477722947447597838096003374419761879572169903707504016050790225174662324805978175702803376559082442909890320415321851377002439
180 106137209881237941925544660035565343519402802944113298316770217432176672517136989591124249206823127477000803602193111720010313021264802824154584766013523743309845839691418593589677349963224719103258
181 1497580244425211499504789439501558379789274269347242947839337247874006398663764163154069855431963737157597280378556344376726279430899793800135483575157633850760062650801136923469390511200906344889510
182 21134536804637706804224312135848106225110736779074068131429010150740235428170528561555010761131639156998087547084168242440358026894512254361406988104199213037337190389266981125063436353609983799997356
183 298314745919785165212129829419328266064616967031774833177825088590810154859681749227487139558464668555075605636263548977367340667298660297440200067732055973796230773382271306063578078022231174811168861
184 4211484797886044935927546367648587287875869717461511888163768645710757584154079979249247083774555788566162696521062455600914212901886290716416055321960338027730807956195976705687236506470737023441707054
185 59466649241352055152917032460554110054994975824563119647067963402088120536973900838159905906466252582147525869418777058082640946321300996823035778401271871425103170921409258827752742690912454992346350224
186 839824639907171978253324739436697310473700870565796571529255238066750596738941936217458136911484808805419370750324377325808169576349239035895967589428568286581117593767703921327300370604193173908364613272
187 11862599874658286323600013993842944532926610730687137315835502466457759719933739578643581796360038170535877941649866472693559680626921019517743478053797044893058549466381971802136826701188550904880636093826
188 167589382342065463331660545989819508269227995357542205677457244847805393120819199902523071794776701522570587287175721645253052061611279613624446772267435864576079120679067500664901140360319710826224768774088
189 2368032745718629722427428590087601392769765117946596777331863717986783498667022682849618267436873706289965714132890962462419785969312506761719472093700690379163795189591524184860424468712839794535013382385776
190 33465917750568722877107523269987883870669407143828471556893303021241623949843882094883991812264962372542424096257224263801198746768425130959739445732745591012058985857841949655320851781702301313160208879495888
191 473032376394007905651540059691756653167627461705920183909241801902145502091169637486786748081401735019458303945336126070339568109576467914371807215257560899692236029459198035965844892752745076005381771213875808
192 6687308465583666030231688813082224982065390186502251116277983192870183742734253248592271340448869754167250674851869390235093501379691113803590680894968422546600069216519234260642307280721065312966926666162610416
193 94554780283436512172292000033385903880643909334442284851362867259265254769312114005308145388000345608168443729836961275288309875595764106015812961855792229724104118174635886337528726442919391286770631624827499615
194 1337169800112220555962910475986988071436010537765189313178872450215640517191226683910092573609873568257874190367889052991229793678780413414773791332538068309941435230978839822043794220253606123694562238259105762746
195 18912975878023081798578383814660535330060742706467087644456548231166810125191981034646105686236587166628167203666066960305338456949317470447129933045184789968839838372316035246856281843556415066034172979143396866908
196 267548629538158369533312593128864529582306616004386655224890212744426811897028845493084604621673417870426273371165200399414661954365344589358225888893518966416386435914358860723270666213639823495800801686795799836076
197 3785423461847364417211660526190403763985587165941441754542091011845489842838539822256527346509887434982735463053846842644503779401255637646054985161893593139860776304197452847517024278484378302320994348724605281248404
198 53566641600920002313439474103283964801695749906922984698643051550120314525459371498142252812736314941447768696200945437609161298610013938460103096718014612577358265241645565823852738821257224844788777680090503096221848
199 758126927176080049651270078653319816664205548699437102822494251355809217345574394854807656708830217584050118537510655381504993228455343044848900909676882668227078138350815886770469997022949944389079439492802242719499855
200 10731398762155460957514684178360866296512938971785804007425739664476832315746612861501013133815279521827366489300209385790284741324830199110483779100449115263166087575404685452765173674097650234364604604998055590325241414
201 151927717600712016906223685945525714472855437625418709764927836093594241944744081304338067363529168217622950790670462110740618816444644663977317778206789153517610343751038510622658459113134031432122319821115777047411975914
202 2151212615096934406055372126733547740159286131491280868930781192315170785655095525837791907035254811036496916158998181521057067126275952549150564136679064572610650646159499358760006053762075239109699860953179040111332406984
203 30464543959829991251528499799618572154944587537780064526427314227564375870481956550042714538626400432996603656640968630975618203797372980570320658568007573386419349172897312161261320189263505174315723101447901735434168206297
204 431489706070675671722281011816807186654434241315509204629284623352014489490016526914091945765032009555368323226308536035195626633800479412418529140541146585424512369773171481045464612726090876783045699628485642010079264635558
205 6112375251452435202270906489511596875668335698106683325399634874174661234714582365171670293207506682911128144876141323513526536288047818298216940941494194861686585622555336750328982017999756549135232322221975455228402960388275
206 86598983911858760548523388024274967546848756400667083899524304648909140197925890510624380261805706007465527983875612435692043931068528799869726334251611330782446448867569687916574439922031832370637094015284760517293829038671738
207 1227095089157840873217497020480829142434219203011541180134403144289023813456869196470103708227966042865334931826871547306108314949082026993254237595625398075219798305683091425316603100521884481928090226279043703193912952106268834
208 17390244878906024218106463415885409136294828679689972350816868289685782084018791574771082768246696012333272295770620937112801089898207799239732903066322892294423176257054964587667103696460633554482847033111901509337997016838528160
209 246487367517002355590980603934637460865229764607475973792441898254821009173880267580737650060718948957395037870559870429763008604808420069756591277844027287982134607243859610551401810649413598937020904458575311672242320378657177655
210 3494174299414460305361112067415509845312060130918000889266672100370241250571252463410496580850102014734547613007290103355112263584232725418079126785435294956851468880929619900665800282488023576863715553131244056836578148467911468962
211 49539867474051925747764406249999611724155455325897563884005427828686644503766680025953348291104146763762580378774931677062607061881844538794980225551383762677686773274752618640401504250594677235919085862185009512580193509282536397644
212 702465416399697049283957001625500943508044525119066624091345935764506276333961920434547259229698855989903350362647902563200025552244269799952392099878329748015562929692969115121903437307729902132025895283216092625548338258691435137896
213 9962179220236469527023493680993319266475500806542843501351973312276512807773668955668341854269780249801797025388569062493973825862073928589796175564874313036297024303241956576363644159969923890268285147553351389138734699672747358865417
214 141300115803908148922053294638644393407926899039381812708615243511365854188817981007119357524720337519745008248300293492597918341088096021349838418789480808768143609533957406979388244298545833097727154046975267827809246460470489299605494
215 2004420922236411343663524261064324236992657519974605216175211737199481087798435195748995125233875412887411458791907867993271065999180567988609987863120837075798528361280538131214531286598759862031562184163735352474699273339353745273580024
216 28437607996836885167756942971488255051269380117223061456240310408039238307888181646059051801074716333576060509039569513263247388926622165057301879888259218283597824872030433198319098376896648984917374882750495571018520304256926014373237324
217 403510106937298656867382163848458238096506070868913504468642892805562376273118766631768425081296826624058768338767094931275128404249045163172083108660989438252351615545058810381115574705643346580347231728538452435529759688262731930929611394
218 5726278774386399598079542163957909447379223479225628872280596012993944155752351381028634728635208380448901827137002498158846508379824200813413316752623071705875286906385491705673647747948019665902678388279102468658007027112909122330998948968
219 81273091115702473234999016810491181393997472455138443401092250882920982152658591752045060579879688009842872459349193885063602784136721662024085129341485924579907708807694510706134049374014034643073248090510119059671357035231876015685591549464
220 1153657253530636084552658693418080972408647667494781939985784865452088090695190082572385137997801400425152507946629004109758719308033787856849783195654930099997260135360101468857079486204855315506676346615552691167094514436857149030749670934928
221 16378045541953050178913740325799948347853361219368888041637142499284836667449695344872850855138984875295856310354572980406990936302558358539641717837428419963275510173299525056429142863167857883672120076132121679410616567380878375760259707954533
222 232542385006827611990164219868787534188137732575799607430774502646544464937364807325554889882446925338167146066873624028846320294531788147819850704029208294593370061110981173923701848491631529540934334482974127595487720668116094958474321061709630
223 3302147553709010360706578954972390021586354822048253302195703809000129693046234944230211491740601922926363867842149501902539875516010760257450370983283915182605293212773053358982071057107181569505499315170490260093740828146529488213810288078422381
224 46896957725223338611420898955453294156618327521788632107229293990120680052902881607205781080918417610761436346457045351278353122680112911384363167264560361795338315159124164709879871963902247822093794240260501335072267702748207371221751597687559190
225 666110454135401821501020351040764154550761671187419017164077859058792004059116012609421144063913985754566165584760650686200253637273098732797726498323531053974001322357141487636615307735734411030734107049826323908896187729745260761506932390035142114
226 9462388218955346042748775924939388866849012598595186102180508032043041162237438324528142889089022401178424029586660477523591090508426394161495712164288218149544789509617616640682228997205827181291542826255379521703326794299965529331219923127770385488
227 134433579389651552865204408691070684658616422028844107390562336874316889751866531635053548721009920961036804753824202370644797374619460433088558920874867995396275323900468502902365548584909590953763793609672348892693819371909640352121731506197585229740
228 1910147084761527358902827672659936351423745038622756743777309965558536847063136182785940383340340462907186834319093563093487453561239078411319607734663363398334172252748208990494675024633192049377456378623650692367702561757107915022751439623041649882796
229 27144226550258486181356646394696804617287959060656453935645933948802288945954479842138852486881607489755683380020867303023365992588718010562359302659455044799403465893550180023654926718526865051599937076857309550778479068247374032642516956142925056353309
230 385779652518803304179904660231408544670471374182356920129634702126427714126617598820233342124513478590415505240177290598072894490965566672589146692599655417997180411976930635765502994003156037624997007170605583878086598274301553765228865021355414365203606
231 5483425223280663509713064104792283198735710540749825275535651545354883887129137740238745692273564728646334778044781458498715126111827327240108894474118003720067171134247156210818000269696908155584277693298591130194718708659084332318217187367755676887192033
232 77949776986379185366519435121824547305400858098834784627131645773595657771359400099209987288865862979876319271173600477971651309065458625681467002604380763280553071410691985477999120318470358184801364340739629863001421072837731583955250526915438747786425386
233 1108224532152807600700095850924045882930075966824402951398698862970481076281971676180269878489305145743647438602710692064777397187830207961272280181890214925195660726597171538106560755087675134939276475026074060075660857898483783859409682664106527569930915246
234 15757603410461383242129025775479672569749114823681510136032850963130863464212613830407663553220824179936059997860766804051485253189696696767054234981794975167110183004948115786759009096024404271276089207570933198709669974451509982815287022942571859027563375336
235 224079276348318033291226529911727839830051678035578730758652897405016599544360668159583505119321573143427075933797917921854776383466478672795704110653235342113018390550766731983140785303095080745749874381764775468893529454736621448417233474087809888021284906509
236 3186852362916485352277308696355442041612422409003788915385997970948492451899896110812251843192540559253387841436582818514465019088394962065364522640532320644295173647156458681875060946549160750101361961862488728683817929378456706179162413143596123755627351016094
237 45328414311943000934741306186360040592142081524771001362674698672463680841361465576854879945730226486563132693086761916221439010357251773698353163462630429827455745291643872821874505701607256171349865975663244122723983584300676362636123867644850641516944233126077
238 644803004754613046990433932751855090320046344457594148084950509890612261497623072866026932045743328998354355094262933963756587933050325500782428344137664462407604404137769588434120451730466368111860049110636977962165085658328762752639848598525239173639770820375722
239 9173417066485738214292949709543668407581260141657995702397713171158235013162518017165560507089701653472719894297414635814652291892557579985514468539788303463686581955394361826094482032383974243135771261801618089688074219239099885254025781992957032863842161953868603
240 130521605643567902774178412056433374035022507838905110439299074752060505610062220973836709499916385580637333377848497961878962078768319703259921562798213099421097899812591071512266846345618056961991806861788047317054783974704168579935598694593471805349641979431243206
241 1857293269995585382958452377348829818450147612802977048306858731763736911039088751029790794198637293612223190912782329920149441126451155075531627687025953929630926926066359242369120156073190988525155641723868084505641140834596032210533118120629678423759912482990718833
242 26431694241032630290648605673220333993419036649302293452654838879960417130856306181361141045672297911027712855562161668732787457739941709744240546560332603653994706159141103618855986317420497018296972491771351303423576342144708401177728018166163122337293574185160103014
243 376197229840228723918122710278924693006266792889646935371801879911571412450331175606108472144597783517083214534438283605208394202577721624742371596787580988684582706344863579261756123844130394123528597888314639910761092007746501565553579067509203008573709554166027567177
244 5354906585145229634119711289637564391044202387302202326932756696071184310505805120827813344346577732866938810573082309163412144943491592070180293102778342087130063120674676024161400114828172860348203319332309269522417694877611299557520920481082406689579568313993753979442
245 76231341637376916726251679211244089124042981482970888660526316347590826317758750557509413264107855635090332137146863033944688916346393333757883808202465792779268554260989955513082502259512185737591258161262770632842423412721821119770501787766961186953920562519216492909929
246 1085326066961708360700545114585204396211544849646839646014152484771655408989420208241279547138862647577420068520451765637221095162749899757219172497185485937198705968471362849531267777608090642380338901730568365930367323223691820656432294884303225582755035975835890497529430
247 15453667485189950235047418965621594139209169028784370754554394234988474463956421303869449905137342041026920812218566232337498503966024794609506482934416768562922596527016625132481070736486182468497957591241240544331432409813391045749347472258001573940140533947216515257587528
248 220063090683461108979795116735597099034892757989688916825519628479307379554426792995663426277417947716471110261828097329551682161031100769382025869049361912512762912033111258125274323871024611939070654545807793596797947666189217061257833432755694978237157368648742472765408552
249 3134056551564192601773394210924894503182596474278238542396391867432745016708485950739116146866370337374083031016105193306984831547884379231484180698232304614763868218818070189356663652654293723564170165077003693454100151730646542579606814721263082075561176639048300052571065023
250 44638551090529864282268535256511640253808945907348154507469072325820765619732294470817539342479906272245553905907187025652778584416253575693966105836998918356302829012787851456255568793600542237539286481889505541870303241872784512664378562356438437504352386238590201956147955018
251 635852903803842086589133892941407473296650257952464902254185099207801032796692186345950525238968766122240147972984362074284733971576233561099202011940721609674595603848999510183889764270025612359443574257015304531878778822123094738152630740753911586203539522407369211771959377551
252 9058289765855516646406878956960396890575831967144197992564716053575995010321196583088520030577026679452852193923220346511161804184030362346621767951334975912086957385849536538322850092189083364135852865261796271600072714700202823621864722538482571701357050876998512138564037635970
253 129056064188432047932453838941644982481044414186704829127199596662474700932441212229323244819268636961327593424038447395404368199097588156233700232961898019622938022903554162547119411147338563246884735001486033115370728306668873456736241678330683926567576198125065100337773855979828
254 1838878182068849638679193478089374565027631249158524061018603147698854618603606887548241035826290848845418276525878412177064916401447660729305148967908321766959261230034788100808224995633855579299663856321252382853913827864114478233489880396168034383476452920425486667158077838119344
255 26204116626294521187613555542356523552758003522442252786842130403606982841481751998495375987252483779646181393182245497997613905451074613406097040686425674331223410284763351010163535163239728649944013706663795563625547952891565212466139238997196713281182453602499145177397752958645632
256 373445984771871469299730804529033197946433696828047507292498008876143018377164603060447645050484004799395466614461091305775400769083071742563038966153330195872011958061524655622879779437724133469489300524368572387853071257916030677000026944775219243180682684239633400533599185314338880
257 5322644524867049510298965977142996353202313005934597449217443294103639142114277083220402194883607717352893912973827760584011789168303046038094432601525683661103727932702443971962780598020658873815555811190836164607688433596716327393944885871187257472800304946428534134289050630673721899
258 75869674796331363892062121973806871909777829626118781886220202567007912786036158823081320359141201296689497827940438162316434848642069603060024572307184637208822772528155977543022238042613093346680728018726483986712901743738420490139396136573001350549814746328958799154087554089916382210
259 1081557894577248989948986411559669165404294869464161392723807318868663943630340609452310093690337265673838759245649239439021073940832099864041595384535081284458589800742708578561387890620354933921424330159146420427468569446753764819481886581101410684291524167352685001022555416388899606839
260 15419553957187072661757544925240914746378095232587600777194369334093324990646450674072673078404083155071314629039662966761589518249245001844694511886646836212970025257382623961518560095465200395450525112295123956151414444954163403052142477029266146546219326864368704567646705235340825025190
261 219853834602833381310687112843448898993603118005650380746223427135070061283431208030588879186991395850980495080154138263219436728105226853377454794414382750374239524790540965148696169853919750125739025581525690367849536080763040185389697383464490387541985420065689809763924759873068092555830
262 3134990150177726121356740729019453468234790980115258351638996748729919951875427639360051933083794727196584574467681898482089319411507912439266077498941397362448155238143736237672363224928586932496372997885038388314551824715059176669109387519295360920940666040422659230233067400818643250524604
263 44707247191999311647118773076793468045031131061828917010594179206737852641703045287511243370189138794557599807266457307608296343054234035268904902878827374494009718000279548283408140535709333170666212615396494073050207988137128624295771178133014846138617937159980887755288119097005743255385578
264 637615704326157685487090538741710093738189865490725632511638271815704704279313612740005675934038429149477774036360164662449687528064018605207637175902657739525061928852614655899174586643430382097715421469672162330630724642120161913154511019738065551997246882887679363090564687959117797975867568
265 9094506232604304692791573362672679375147496473938372230433155668400802779068010997692441240269417927292457156809430712942165401888552331762602384528245637902455225293948103376702328187838831405104340951734186725368229286168835226952791124709060579128359662715570359471855413544367986659229468729
266 129729280430515214624346578933989377805767944073485293776682766623084954930673651392248769844988372059716543122446808035987543361938087855222331120681446030972142748885837646969215165350030596568627602862494240687327831335826251632638164652959586281865913800482969036719274697582710187471320588318
267 1850697257009029422126199083622398891555089467634468105916753794609473736399626920264620309663699849146389118690524745462647156488810242779428440546374774942189333501997876440831953197898911562287565456933219884853410642675599383481004664685284151491293515287416827195677276872313562367019913545325
268 26404075600640659349135251104485016801016950248022556906238592286070024528073508334602116875704367719785772855036305044800774111251970275372093739948557655870050566312762499197624363104131750772235986366715315771027989045317994314468547408747576587054060363291609054408608867613257737443334195843122
269 376742397670367546354444361500760423940542870818661435952634606933260316743101626514006440565183275115668521654966224504157364053163719336796426473068405652074620235276763021851485687620915258548824876720772212316601738287160400346627392615719574262635669340950865052352215218645142793354693493953881
270 5375955969394566143861668991468810293292621554599668967349461523269085635702658190607900116344139404509338584073881972225663159364545951817775409881605902720087698746750086156157720147185606202441753769537392782168978157654478568571260516356798409215522792891962712373612717115441430275276644286011706
271 76719244909023109118706595793775227592700621258108586750561007914310709592366260734112311670564358502381301218028436577156533094775530091885439692213503027514327402733725165497512889198693937256043484696203070192078335819669313352626456039386296752439644272097541333313021977197861813797571654137022042
272 1094939404693459501884530746326873101445384907564008221586166919751683198300082037945587357533842578887022803573660731346515530756292367641078068440497733424802180864540742015766982487691222945751498432829015246647062121508044776951077888042381294807646382757880439522437372912987034867392174477063219140
273 15628336045453549568685580287230474552971608652190706408720821050268123586782540391600691009243512901256752929272657468586574809227471927923151964124948640700634512196466459469867725619859794261544605508753189789749179936279243969751840381749888267508727680340492147451101870469785046957754789660230776278
274 223085852801444449546755405080013466968137121807377893145978291879208992267399842590415633442824412423784232758677611888440856897108033884320865696576110175192498847827393643195857255732584060343967235173140952457549407187205755987474452167167721611370649394901107533108037236181656944198516171592607764156
275 3184693919364632705789668273039153725087128737810579565353886921108053116993790123350302889229477105062912035622252197320838350062334296640990868082687589111838449692407337322929944399925486711615548610129853050705471663257124341586756690398363481953244414235531688448830507651423192729064131834446783530974
276 45467334652985750079597994421720228091449652515248576345505954829157695448483456342486722877072369129902567776711266956086404158374076963530102924700942225137203812284041533715746342857958601068925668580375631434627599409207326485604865384751459897216058774053596484101684408824752501234005483756641838915544
277 649183052891521158811518135121073412045853594691371152942356440678027370026854501584277184648984980868313061317164212495430268972999077912222787229383946099677154750215216905840394724172263285685821792816737091482388341705366751548984855725140789291784669041334452184511214778273495347569922346751820149620455
278 9269802608214476351310016876971077729268291651376603115626251264043576107030124700493732018598757307394719557805540197619771582913810854464966627947040727342343900886496206814357396375930437176089429405931111879436841941286120498064491712508121071849800992884119857750856011298672698621509168713763548834050618
279 132375980591120080988296875642907351209212260913315469044394152108857598703771752757265255885963093189648078409739396381551937277200732578860254426129672361679596281656262226886401964308765481679511316697875041471273133541104622718739842798774406528662415336093777051218207473324964424403772366900288768732505386
280 1890527699398270886000437012148470171792563704858614439339274458950807895102326039734098655402830081217582487062666382528979311554988193356732511695659308074060224412045357670606720649201528840510693517836158383124807302896367361027144667784268415947491230048634843260660754353822374033463872903141560614393724824
281 27001743798600576483303850451654787272857540156396030382356114737153443533428277727622504608885530307343009688693720813936353149364618249880216218474313606769494462946459622332409799172412729565458064419240360003526028877043094489626473524270459061728665193014169719745051675035874048543870201075154466736189326731
282 385687227169508817990787334483942484516951296860915941099173105703910877011875622257762077613996367359575622408271107607786838253365524598693394946568836784213951451726398750337235233995235192676981259403499320702193854581545909250421751624236631954834714540170482276518325634641428329831460408918958777421941594466
283 5509512143350135740733365853707597513198686379159030795731532519447155878431574665303597264200474443832901406907342244082158566101517942492956708813029429245570009251721160464009384466553496482048569093099259989849266919863406696058335637225416456055685020563063330908953528391077867503753904874188818030980666333442
284 78709154210690147341840398355819185604907164532231664232857614353483134367640432782376025997065728166156636475343547742691163924409470018026399718410850442003165164633607904312916194828045293584395410477584082512491062510778336396466481014131966890373592257832690461026953968853420300435324504853645931798830849024860
285 1124530738112397250570403220388462712834616321249816152370473412120976722074128104156073027812269176227717978137901269673077646844105517017748466537281449457042183872363934429695394665631645563990860337270959001753819637696123074285299886628037444819915820628900870520303992995238797710099487960377792988560774558938296
286 16067606037993314765516619757745016753060763963562547118368151610043951033665815815555742922380987781857985821653856747701511719236235010444913440720427197957360282086795939334329535194331860750113814737908638205520632318086625977731013111185871278117818130781827915626974458559498060334284236542442109813386022067407284
287 229596124398109285204404493849809147594192105133335684173801776135670084408660158990574962053971856190518626684597223981296358580478930602676696374236802156909039657083068471938358825835182284281275121186634956888083473980654502759492820687398323147495970863374905372591675149401235681275000423177341836209640030273482834
288 3281037876067461000668149774179734042980278791213511177225365185784275232270720555310752915689671342822910891290250021552920272833568750116377155571981801003249017171713796762130339763093512439155688905020659597628781910935804769720589259352267059361692875851202713825885349993883140425202457266146301590848965081737386020
289 46891165606699283835544217575168273278836204186481609899338934459595459232337836067004089579144594944419671697096756133854748192160519632626010492145257293065787302156041462206651924818878784576906641664055598478223779868124130886937050073565189328732342499421915506835854925869424073608532979051320019690693680539271000349
290 670198867152764918752186460901185911191540642993828933485586832593204857471664672169778075654949176124699580268099723001537053840736663008208057888651495466781208343478631498582850530271110021948177771187862797739630599187275440448196718481224974997870234647451849394116998287626297597892359184260569353961077632697486222018
291 9579636098163339228668148255777109690086247784010777222749806111482958647793823916819759638181361060836313181275603928377535882399458161126859547599797905300813411569716470639667037298422769507394542781802705855164362119229488452862395903792430320417984444988233569321961387774979885803517394344245647751310161616229055025454
292 136938883598487276067944209945190674684726580176934074345523540472814050507277866554250173447391043451816084448208978006395394078306490051271018938099678055855871728947335606217891537071786655811934804080929139484105688941044441481638396701350849534059425341665352508741934531028007343177863498622350901440040946697646760465584
293 1957657858200308675319593860578641278649671906401546422066900848637695803107697471909123818453282049699750263400633680915772252909062209006216427697003687627297426305687306271561913410748487776416562867848920799071320860718039473677431282208446134259561529846392425673652626422755859961026077888305628312242020621943877690613006
294 27988448878717314487617913240735381176656545762698298121285997914979632928576223229840294647082457131540712557177525313048354149318101603382833676542755815828473893987512206883316233381351786193288227475238412220861045750857447971343836586426003317004398257041249852835795530070992738360122507690401332870559615872614959550616496
295 400177523146195838842926829004455469388981901928578475303417506032428471517364467517792003134415057087391979112351304517583228610050569879725307131508650938185250789207312823052568682514493772865960646585295540986996448481389735264489536216776870703295349154668125998292433577134745192181192609802169571657369134788501019492969326
296 5722135947527458956631361940828767232054220838311687350638870076483190865963100541476122832177809414861344408959168830105600528729396502528072045313720285091196164540931250033774934942501421966262763874515741994360954942237530754487603073568255197903726743158221423006090426882562590948952601779555624856298905509619295102445476924
297 81826705748062075733011208637632370147967659482561946060213054000644646123813963814280998371870903029798864918220060736859078089456203238498786265931284725525296665195716941963712377262534548068841884158826247088440880101470208767944812789576318005595918715562033798287913017480507446642296225252404310382416750815618392794047024136
298 1170208311563076215892551607627601048154072906642461188596024527273028828522952121265475302723884377318409788424664087760418875894171382153311648568186301846639189513471935493234867015501346564196982035631315576197254642797997912705940495439308739643588839156915443564069442419186697472923042005828016627876801179997722550495957294496
299 16736409999038413918216143903399571975703466600898592431947075952530410465541265594632420960982239124901840516044194541450181149018371134805569747923741843316043112861223880855150053840014141092847577607729423540314147486396416489297124235054569229172886044752616464413263080416894098268177526504105042545196911747935406129636177971476
300 239382420881641844496560492036900240167230429034064090923962051876179253883664118837668395727571170070298881452477976480054324642447000955801702870967203637394192787850446105273005610842168036299577139553555235848187968867766720099148893298740438749893265763543208364901351893327933616944083156521457436795596427039582681432656620629792
