0 1
1 1
2 2
3 6
4 24
5 119
6 694
7 4581
8 33286
9 260927
10 2174398
11 19053058
12 174094868
13 1648198050
14 16085475576
15 161174636600
16 1652590573612
17 17292601075489
18 184246699159418
19 1995064785620557
20 21919480341617102
21 244015986016996763
22 2749174129340156922
23 31313478171012371344
24 360255986786421416732
25 4183070452633759090955
26 48986523769015357032198
27 578206680078321677926243
28 6874980474915672234467546
29 82304535648461975451548665
30 991616845084163682606574690
31 12018623960660648732043108236
32 146485906304516810441189872944
33 1794821648034000876264042548584
34 22100296988209234442906993051148
35 273403875115345240640782267774933
36 3397265478370644373888969043987798
37 42390654276862318987924771182245333
38 531046062568575470104433070622179610
39 6677725754258866229602133531361737423
40 84271101653297542971523427294826587026
41 1067106453996628266482265221369920730685
42 13556463333427837601509467818845926041402
43 172754778199670596154533937167669307654410
44 2207997375621455057563412559728665663908952
45 28300601562687087825595541349428493060121620
46 363721413147097755000215969583003812487204212
47 4686719463401144755295065597577608368821746372
48 60541027957416955463504674050587692574854030284
49 783913304596991700862314173555047510010515610242
50 10173794155559482877894653541881296457481305221712
51 132329344530258224873895128478014580338991088093804
52 1724850733001376505196844352334493017320615068361264
53 22528635418949352892446839110710404213558514478245817
54 294831596766937716268037609271291613788412819634807946
55 3865791552768627603835176747589517897732996119878199124
56 50780764647768448402998478999557304946025322233762469292
57 668234767800514112733744540760637713428353701070042401244
58 8808500156368410606327194083964325334958415063214901767472
59 116303632576173111215215719528962907927490228070522118618620
60 1538082313071387895955058454391545079281798160033375535724140
61 20372230238178055420208297565351600788084279014361321902691017
62 270239641023991120640126731527285517201613808159232825684115258
63 3589969850802043682014687828147559089201473415395061513423030850
64 47757824730025417542583072579874816516811951555823183705939815104
65 636197368964595765929589928019419580463442373261960873762084467214
66 8486238419199195151180231914691525716782884777187124380379254855012
67 113343816209990591440825232244245762216284639307429972421893571415713
68 1515736192213738031953230262229499825398350671968802265475085661967390
69 20294447635015683389949239273705964223243556178512267499006366206668507
70 272047014426505848053184970016495041863317183438034114760726065251824322
71 3650982161839069245244704534509742637654076726349158226492884931736173219
72 49052479122475377086437757538549643339461005664517035047738861064660650462
73 659758130045267152279725187963519417028655461010134067851632959874299139314
74 8883183490302999538631811574792997430948698470130245020946152645591389765992
75 119729358528034563299140115867589732584037184044497744461031132334923227197902
76 1615360029787371109415151060029379769950586589470709389115337666950300899664892
77 21815422062572671915613939537695855501209448778205442702933011769377618433242686
78 294898723790650390962604916545121449539951614378915249501191039739041483852959800
79 3990128916983023825344047432227024955428537983460787346271686479611600994645296610
80 54037578151511512886697895933429730101506005764295760914601440348390527553113513544
81 732470695787396135891333162990733724368276592608371851465544159561025178635175769772
82 9937128769176656421419092452887955033598335366999071875967635744774974564200659117548
83 134927057545083737609802098382402930712001332297430223363010994347741127456625629783815
84 1833564298470349966167821633799293925708012929531144181926207851408694378370786387962106
85 24936987769681803517601585663438573159992807963060160985706615906413792381746611206207656
86 339417841384983108368786300439574902504708528447107262619090300949990836713477044372548200
87 4623389813573162702999384530362304970582133728667728529345995317446091754352824918033736932
88 63025184701123960586157443211987259193069792692902460345472740033959620589563516962175762156
89 859782022047797000841999043030882088247695604341427037069858975150516775309224741175270289158
90 11737518563588091129546918100798850228273660484119392151874331950918346006619886950191472281968
91 160350836979139872045813245953287523532525710447311628793013939322195149090814497641196690199662
92 2192131987109414077935696751867251514038826803491822614073699040751887935131768215692329235999772
93 29988616119654574669931629516626638403264792399086018970573046705907201033287644044741340070499810
94 410520012982858133488932424204527420227705910141198543821568605557259933422801670127716167480030716
95 5623342572716499388746567423359998133608409159982190732464014233765808036067188230340112988406885022
96 77078160869705816064713862210445629818425057205049957732521026206142244852541712875634962583809271548
97 1057156320285294975322533171502298939572250426724355985141171330739371795186033730932413435589856463821
98 14508174800251032832547433611548081747556481234132978148730954621744196442377926303698404640574891987078
99 199226381683394505556477503004006359164059783018640853300342871803230336527303096113734849673062751748878
100 2737388039989652039402683123595564900052295798705401904669886225214721587169666896679303345616965357791692
