# prime 64663 300
# engine av12453_gemm_split storage u16 threads 8 prune 1
0 1
1 1
2 2
3 6
4 24
5 119
6 694
7 4581
8 33286
9 2275
10 40519
11 42136
12 22072
13 2843
14 37022
15 39884
16 28513
17 12729
18 36258
19 28512
20 38482
21 21697
22 6980
23 57899
24 60582
25 41812
26 58632
27 37148
28 15856
29 15390
30 22287
31 30435
32 25000
33 18524
34 2306
35 48550
36 1643
37 33390
38 59613
39 14939
40 43554
41 44686
42 23561
43 23682
44 7284
45 13200
46 30866
47 2057
48 52523
49 24895
50 26795
51 31377
52 12232
53 50809
54 40492
55 20332
56 58034
57 49963
58 37455
59 53925
60 7933
61 10176
62 55582
63 19589
64 27672
65 13720
66 26258
67 16513
68 19787
69 25071
70 21999
71 22971
72 33770
73 51407
74 25754
75 18465
76 57119
77 50222
78 16347
79 48101
80 3714
81 5629
82 15753
83 50829
84 7355
85 52812
86 5299
87 3036
88 25223
89 56819
90 27079
91 28667
92 9257
93 34355
94 23121
95 13244
96 19910
97 11836
98 6488
99 42256
100 33090
101 11411
102 44318
103 40006
104 9314
105 26630
106 16595
107 8197
108 33941
109 55772
110 42239
111 7136
112 41685
113 24846
114 10741
115 33228
116 12935
117 36871
118 45262
119 39949
120 29356
121 54782
122 5523
123 62768
124 38988
125 20374
126 53798
127 15114
128 5436
129 19083
130 22045
131 58178
132 170
133 16628
134 32664
135 23303
136 50316
137 43434
138 16681
139 33868
140 51870
141 32996
142 29165
143 54400
144 6713
145 54611
146 48586
147 55734
148 53994
149 12848
150 44122
151 25217
152 59874
153 32554
154 36172
155 26455
156 14033
157 22974
158 36499
159 42392
160 57465
161 17278
162 54582
163 49505
164 42705
165 22526
166 40183
167 21835
168 15216
169 36959
170 17925
171 33767
172 37278
173 1329
174 11642
175 5725
176 43742
177 47356
178 8811
179 21445
180 38666
181 9399
182 422
183 35451
184 49550
185 17085
186 29365
187 33990
188 62749
189 60681
190 32476
191 31025
192 1869
193 9603
194 12682
195 8527
196 4894
197 9852
198 34741
199 30289
200 62206
201 51207
202 18600
203 46588
204 25190
205 2080
206 22510
207 64391
208 38861
209 55516
210 6707
211 57039
212 30504
213 18294
214 10517
215 58591
216 12554
217 52435
218 12276
219 7361
220 9366
221 38145
222 8357
223 1730
224 1372
225 29433
226 59810
227 29797
228 60500
229 40460
230 59237
231 38415
232 58411
233 18752
234 5163
235 61547
236 28287
237 37341
238 18862
239 16341
240 14171
241 13989
242 16512
243 51680
244 34553
245 21803
246 204
247 62325
248 31487
249 16540
250 58264
251 1191
252 62016
253 49911
254 55900
255 64016
256 5949
257 20013
258 13593
259 49647
260 36397
261 45597
262 23427
263 15945
264 61194
265 55978
266 41738
267 37833
268 18400
269 35991
270 59001
271 31789
272 44343
273 53275
274 52173
275 11160
276 42516
277 6019
278 60717
279 27118
280 43536
281 7109
282 34313
283 60886
284 1031
285 52486
286 58239
287 49053
288 14287
289 53332
290 46878
291 29370
292 47493
293 55798
294 26928
295 52035
296 24115
297 23357
298 46483
299 12203
300 61163
