# prime 64667 300
# engine av12453_gemm_split storage u16 threads 8 prune 1
0 1
1 1
2 2
3 6
4 24
5 119
6 694
7 4581
8 33286
9 2259
10 40387
11 40960
12 11304
13 30221
14 11995
15 28474
16 39148
17 28163
18 51727
19 51132
20 48103
21 50730
22 34239
23 17177
24 21762
25 49519
26 55179
27 40330
28 39542
29 63900
30 24123
31 56185
32 3122
33 15676
34 63084
35 57204
36 31232
37 31232
38 41917
39 1104
40 58097
41 43711
42 10744
43 62040
44 8288
45 45508
46 17766
47 20853
48 60426
49 14760
50 34026
51 62695
52 61620
53 19151
54 17924
55 6564
56 24875
57 18100
58 26850
59 4701
60 15073
61 19720
62 31013
63 2047
64 16473
65 45685
66 11725
67 13438
68 52390
69 62186
70 49827
71 61617
72 47427
73 62204
74 34629
75 20937
76 62941
77 38203
78 58703
79 62658
80 35335
81 17394
82 25856
83 59960
84 27037
85 27760
86 13641
87 40360
88 15596
89 20440
90 6218
91 54605
92 29082
93 4245
94 1519
95 4209
96 6627
97 47033
98 57391
99 25313
100 1903
101 53322
102 53815
103 3731
104 29168
105 51308
106 23447
107 32251
108 14041
109 48224
110 1869
111 1080
112 6983
113 12692
114 52798
115 53863
116 1828
117 43193
118 45746
119 45926
120 34216
121 47294
122 36434
123 42603
124 18922
125 18929
126 64049
127 52044
128 20903
129 16160
130 43017
131 24856
132 37219
133 12285
134 38132
135 38608
136 38424
137 31068
138 50508
139 11456
140 58891
141 7861
142 41992
143 50181
144 50987
145 29858
146 46700
147 45433
148 15422
149 22046
150 59910
151 31059
152 27471
153 19177
154 3999
155 54892
156 43705
157 976
158 19999
159 42107
160 31435
161 54217
162 53577
163 60619
164 48258
165 13471
166 30383
167 60447
168 32578
169 4632
170 32391
171 17431
172 51956
173 34617
174 57272
175 16865
176 5389
177 64494
178 12140
179 63558
180 63959
181 27152
182 4182
183 32508
184 33231
185 15323
186 7386
187 31669
188 33110
189 47641
190 36112
191 18630
192 59653
193 8784
194 60803
195 29727
196 28794
197 22137
198 47413
199 24275
200 16487
201 57131
202 19070
203 56124
204 45324
205 3294
206 59259
207 940
208 33113
209 9132
210 7385
211 52117
212 2209
213 42534
214 6987
215 10225
216 29814
217 38441
218 60235
219 44739
220 59904
221 42414
222 59986
223 53207
224 43191
225 57745
226 43473
227 19974
228 51685
229 56075
230 35823
231 42093
232 37989
233 42811
234 6992
235 33516
236 15428
237 6841
238 17895
239 31793
240 17763
241 7909
242 63348
243 26074
244 58674
245 59291
246 62485
247 43485
248 9759
249 2821
250 257
251 9702
252 31312
253 10336
254 5184
255 2279
256 13547
257 42104
258 23019
259 59905
260 4674
261 56881
262 24061
263 40063
264 24227
265 44210
266 62318
267 21019
268 3496
269 60815
270 55118
271 32573
272 54420
273 23351
274 58312
275 49648
276 24082
277 5314
278 51051
279 29009
280 19906
281 28191
282 59332
283 24149
284 47741
285 3973
286 35510
287 34147
288 57007
289 11002
290 34440
291 51701
292 18860
293 45669
294 55229
295 57385
296 12099
297 25130
298 49131
299 26183
300 27988
