# prime 64661 300
# engine av12453_gemm_split storage u16 threads 8 prune 1
0 1
1 1
2 2
3 6
4 24
5 119
6 694
7 4581
8 33286
9 2283
10 40585
11 42724
12 27456
13 53821
14 17250
15 46051
16 60269
17 54638
18 7646
19 52354
20 54078
21 23530
22 25104
23 56128
24 22033
25 10777
26 5741
27 5835
28 13548
29 2496
30 38486
31 19787
32 62174
33 53103
34 17046
35 59230
36 4157
37 47299
38 47401
39 51799
40 8417
41 56952
42 10524
43 44238
44 2884
45 63193
46 20928
47 19814
48 46508
49 15070
50 32209
51 26570
52 25829
53 21415
54 45742
55 21291
56 45559
57 33933
58 13762
59 6471
60 45263
61 51638
62 19120
63 42246
64 23633
65 37726
66 32915
67 38525
68 51473
69 37507
70 21467
71 8093
72 10138
73 40173
74 2669
75 64051
76 46961
77 5869
78 30901
79 14345
80 29275
81 33890
82 20933
83 62741
84 5141
85 33243
86 744
87 13350
88 27532
89 51015
90 25126
91 41996
92 18064
93 12790
94 22616
95 45086
96 223
97 29051
98 58187
99 27904
100 13656
101 5417
102 29589
103 17925
104 5325
105 41222
106 30601
107 53470
108 2011
109 1051
110 61384
111 30611
112 23594
113 12499
114 48149
115 34183
116 49444
117 20549
118 18045
119 50720
120 6974
121 10709
122 28338
123 27039
124 6071
125 39297
126 25606
127 29983
128 57021
129 35458
130 43638
131 52551
132 53552
133 59955
134 19737
135 53459
136 8847
137 56197
138 56219
139 17123
140 22768
141 11590
142 61628
143 48761
144 43421
145 47222
146 48722
147 48464
148 59513
149 34202
150 37042
151 57021
152 43285
153 18475
154 17189
155 8369
156 33539
157 30383
158 63086
159 52694
160 21838
161 57435
162 26328
163 60101
164 42509
165 3748
166 26929
167 12177
168 58854
169 1968
170 4859
171 33828
172 52582
173 36288
174 38370
175 34140
176 36131
177 13684
178 26288
179 5946
180 64043
181 4997
182 57620
183 25221
184 32837
185 672
186 33270
187 51632
188 18755
189 39251
190 7163
191 53803
192 59319
193 47153
194 63891
195 62518
196 52584
197 31957
198 26422
199 41553
200 5738
201 18646
202 59957
203 63751
204 40871
205 53166
206 25530
207 32962
208 22361
209 3066
210 28991
211 4501
212 51647
213 42946
214 2509
215 1437
216 20535
217 58422
218 3216
219 60969
220 36371
221 16509
222 2922
223 33848
224 17824
225 51536
226 39534
227 38954
228 14611
229 4029
230 36696
231 14018
232 49892
233 5504
234 40024
235 26433
236 18963
237 9729
238 33107
239 7034
240 39390
241 58376
242 23962
243 40064
244 3953
245 38929
246 24761
247 58905
248 62585
249 37327
250 9588
251 18422
252 29300
253 6786
254 25697
255 10896
256 64278
257 52043
258 61781
259 28994
260 7485
261 26086
262 25279
263 61827
264 61581
265 28863
266 46232
267 44862
268 43793
269 14909
270 57829
271 2934
272 53958
273 46341
274 59765
275 26279
276 56634
277 45808
278 27011
279 10694
280 57880
281 56805
282 37749
283 41341
284 44959
285 17618
286 50289
287 40202
288 12944
289 26324
290 18013
291 51118
292 14060
293 63435
294 55187
295 53114
296 60250
297 34
298 63290
299 58452
300 46302
