# prime 64679 300
# engine av12453_gemm_split storage u16 threads 8 prune 1
0 1
1 1
2 2
3 6
4 24
5 119
6 694
7 4581
8 33286
9 2211
10 39991
11 37432
12 43679
13 47772
14 2313
15 1636
16 17583
17 27654
18 20362
19 9290
20 58711
21 61722
22 23346
23 48591
24 41516
25 48610
26 26242
27 42331
28 20989
29 61141
30 61311
31 13823
32 9814
33 58742
34 64348
35 43972
36 59720
37 14149
38 10115
39 19820
40 17433
41 5021
42 21669
43 33785
44 42319
45 3708
46 7758
47 22136
48 53966
49 13863
50 12395
51 60981
52 46038
53 19207
54 35082
55 2613
56 21021
57 4117
58 24575
59 63183
60 64670
61 46345
62 31384
63 43027
64 45166
65 40596
66 43370
67 45675
68 26297
69 23239
70 56414
71 47156
72 43095
73 3626
74 62121
75 28015
76 5794
77 4057
78 60132
79 32757
80 16394
81 891
82 39955
83 18621
84 28405
85 8564
86 60912
87 14278
88 38736
89 7453
90 2030
91 13425
92 43915
93 45782
94 45489
95 15011
96 51490
97 8979
98 42051
99 2963
100 27094
101 6990
102 56256
103 22626
104 7185
105 59940
106 43789
107 9718
108 32400
109 16535
110 43289
111 39782
112 29419
113 898
114 2043
115 54596
116 2532
117 37363
118 46420
119 25748
120 29530
121 2818
122 1723
123 58231
124 21222
125 49452
126 25022
127 56857
128 22761
129 57805
130 61809
131 43570
132 25227
133 26376
134 55566
135 36285
136 25219
137 56230
138 44363
139 54980
140 7808
141 21624
142 43734
143 17613
144 39793
145 3848
146 23495
147 64029
148 16681
149 44824
150 23799
151 18885
152 58415
153 16567
154 36756
155 16259
156 45393
157 10764
158 46883
159 52401
160 22847
161 41876
162 38065
163 22677
164 38172
165 18510
166 3886
167 39130
168 6807
169 46774
170 28035
171 41821
172 6972
173 15644
174 28164
175 62549
176 31053
177 37046
178 32988
179 19435
180 24108
181 20436
182 44176
183 50537
184 35376
185 26527
186 35140
187 6536
188 20849
189 50689
190 54499
191 28520
192 63810
193 22395
194 7934
195 59089
196 28704
197 51470
198 11197
199 24407
200 35598
201 49170
202 54675
203 8270
204 3097
205 59084
206 52592
207 14039
208 52380
209 36028
210 56014
211 21583
212 57297
213 8676
214 37992
215 61169
216 41225
217 32086
218 20213
219 26089
220 39428
221 58275
222 59901
223 24366
224 59298
225 38145
226 31687
227 27484
228 12756
229 6338
230 34226
231 43692
232 47716
233 13040
234 30195
235 13813
236 58571
237 39936
238 62493
239 58638
240 33778
241 25947
242 54211
243 40620
244 24088
245 51691
246 35547
247 29133
248 38433
249 27744
250 15344
251 56769
252 25588
253 62329
254 14327
255 50841
256 16222
257 59640
258 20377
259 29635
260 25256
261 15255
262 42785
263 16816
264 6007
265 46604
266 56035
267 23991
268 52740
269 13875
270 20036
271 62115
272 31330
273 49999
274 8918
275 11903
276 17478
277 40546
278 53701
279 5641
280 52112
281 57631
282 1549
283 21344
284 25009
285 42157
286 34796
287 48631
288 47054
289 9894
290 30623
291 25851
292 51541
293 40265
294 32337
295 34265
296 19610
297 18727
298 43204
299 34092
300 30181
