# prime 64693 300
# engine av12453_gemm_split storage u16 threads 8 prune 1
0 1
1 1
2 2
3 6
4 24
5 119
6 694
7 4581
8 33286
9 2155
10 39529
11 33316
12 6005
13 14489
14 13977
15 49032
16 60759
17 54831
18 6725
19 35747
20 61192
21 60799
22 17864
23 26521
24 50988
25 29302
26 14030
27 55
28 27502
29 64466
30 31580
31 784
32 43586
33 6895
34 39613
35 4244
36 4287
37 33912
38 58900
39 29176
40 9356
41 37380
42 47268
43 33017
44 19939
45 31247
46 64045
47 14404
48 35474
49 56045
50 19201
51 7460
52 44925
53 9566
54 16182
55 27752
56 11961
57 42822
58 23359
59 37907
60 20944
61 22568
62 27150
63 29011
64 378
65 50154
66 46046
67 18496
68 50968
69 46068
70 19974
71 9580
72 23696
73 28158
74 32929
75 52496
76 33582
77 30917
78 60043
79 13445
80 18050
81 2505
82 40603
83 52234
84 56677
85 23532
86 28541
87 15856
88 27862
89 22964
90 38703
91 22360
92 52068
93 46240
94 1916
95 175
96 55782
97 18962
98 24193
99 15286
100 24727
101 2466
102 44218
103 5742
104 8628
105 58019
106 59977
107 13205
108 3656
109 12286
110 19857
111 59835
112 3248
113 38457
114 26934
115 7935
116 48127
117 53905
118 7380
119 39815
120 54645
121 29045
122 20791
123 45868
124 17336
125 25288
126 31081
127 35380
128 54638
129 43636
130 23376
131 40955
132 38444
133 15639
134 42351
135 42633
136 30878
137 33316
138 51224
139 63500
140 20798
141 24144
142 1712
143 17984
144 24383
145 2509
146 2048
147 64518
148 17909
149 52269
150 10930
151 46473
152 55723
153 57509
154 15464
155 50473
156 27856
157 38746
158 1345
159 51857
160 40448
161 46268
162 1457
163 21750
164 31709
165 14203
166 56708
167 504
168 17311
169 64055
170 2531
171 4552
172 58947
173 60233
174 45384
175 40110
176 26967
177 19500
178 21870
179 33640
180 54455
181 24996
182 591
183 54182
184 48774
185 43374
186 12461
187 55030
188 40153
189 21108
190 58733
191 27882
192 56427
193 46516
194 41500
195 44377
196 51889
197 22794
198 3339
199 21769
200 36425
201 35936
202 43758
203 3891
204 36362
205 34311
206 42696
207 61253
208 45031
209 22849
210 49107
211 42909
212 18560
213 21200
214 38757
215 40718
216 42331
217 55268
218 13385
219 15621
220 13429
221 29956
222 22729
223 52178
224 10113
225 47437
226 34032
227 11784
228 24681
229 3763
230 19860
231 31372
232 15008
233 48972
234 62711
235 32709
236 20717
237 63535
238 13864
239 55217
240 22398
241 35913
242 9695
243 2232
244 18623
245 15131
246 32536
247 30181
248 13769
249 14265
250 20966
251 26149
252 737
253 34337
254 32774
255 16413
256 37306
257 8554
258 40825
259 42135
260 17591
261 3912
262 57335
263 19001
264 27148
265 25281
266 53852
267 11186
268 47764
269 55586
270 38295
271 18782
272 34824
273 656
274 40265
275 56651
276 47528
277 59003
278 7450
279 60760
280 52579
281 48556
282 20721
283 2350
284 27258
285 12046
286 63092
287 49525
288 26597
289 37685
290 59437
291 45094
292 52955
293 31906
294 62494
295 31807
296 26817
297 33218
298 22976
299 32547
300 40067
