# prime 64709 300
# engine av12453_gemm_split storage u16 threads 8 prune 1
0 1
1 1
2 2
3 6
4 24
5 119
6 694
7 4581
8 33286
9 2091
10 39001
11 28612
12 27658
13 59820
14 47647
15 47760
16 40867
17 26672
18 22636
19 26621
20 60466
21 54302
22 31892
23 56098
24 4686
25 45158
26 40288
27 268
28 54189
29 3807
30 60490
31 8384
32 37060
33 374
34 24735
35 2597
36 37442
37 37153
38 38282
39 37208
40 34122
41 49939
42 5117
43 4971
44 39048
45 61068
46 29556
47 12631
48 13944
49 59269
50 16316
51 12521
52 19139
53 11206
54 38244
55 52970
56 25234
57 26392
58 5190
59 3135
60 57238
61 50558
62 32770
63 27640
64 60845
65 12495
66 49342
67 43512
68 10047
69 36388
70 51230
71 39717
72 19732
73 48354
74 20228
75 49208
76 26382
77 20484
78 1574
79 40728
80 34708
81 47993
82 53567
83 27372
84 59401
85 9460
86 41525
87 41028
88 27667
89 15143
90 1227
91 20653
92 8815
93 59636
94 9557
95 22979
96 1578
97 35687
98 57928
99 16216
100 36277
101 24022
102 7037
103 44472
104 269
105 15896
106 15184
107 7702
108 55405
109 21817
110 1786
111 41774
112 16549
113 27604
114 29588
115 17627
116 48023
117 20557
118 34855
119 590
120 49475
121 55597
122 10901
123 41139
124 29750
125 11653
126 1339
127 58665
128 58261
129 31678
130 50134
131 4465
132 50118
133 46589
134 46305
135 34097
136 53478
137 730
138 29876
139 9386
140 28521
141 31888
142 24401
143 15404
144 29197
145 15762
146 35085
147 34043
148 4234
149 43416
150 34332
151 41969
152 17498
153 56514
154 3888
155 10259
156 39471
157 60731
158 24564
159 17396
160 58137
161 14846
162 27031
163 29303
164 63121
165 18009
166 19139
167 26246
168 45570
169 44490
170 47218
171 44531
172 19927
173 36252
174 32805
175 47980
176 41597
177 57033
178 21941
179 31109
180 1753
181 26732
182 33072
183 27628
184 56332
185 39015
186 17163
187 48167
188 15792
189 28601
190 11347
191 36614
192 45725
193 20172
194 41179
195 5357
196 52429
197 51390
198 14303
199 42344
200 31685
201 6150
202 61447
203 20267
204 43234
205 10018
206 52904
207 10993
208 11229
209 5038
210 56186
211 30913
212 313
213 8661
214 40629
215 60532
216 47571
217 27258
218 21063
219 62254
220 55153
221 16722
222 62858
223 62106
224 553
225 38650
226 32719
227 11825
228 22638
229 10691
230 4949
231 1642
232 14951
233 57933
234 11059
235 55406
236 47600
237 63380
238 56775
239 11744
240 7571
241 13025
242 45200
243 35197
244 54343
245 38676
246 17544
247 6687
248 54245
249 1931
250 33834
251 1379
252 15540
253 32254
254 10749
255 20454
256 763
257 14447
258 60638
259 6869
260 43507
261 42988
262 1764
263 48315
264 56036
265 29291
266 12223
267 12101
268 56227
269 2562
270 59703
271 34204
272 10145
273 62032
274 22198
275 25945
276 22709
277 23807
278 41996
279 171
280 50254
281 48567
282 10093
283 29186
284 17919
285 46115
286 26376
287 39701
288 31572
289 1134
290 58370
291 20123
292 14891
293 24704
294 7634
295 31079
296 18632
297 61922
298 50707
299 29925
300 8598
