# prime 64717 300
# engine av12453_gemm_split storage u16 threads 8 prune 1
0 1
1 1
2 2
3 6
4 24
5 119
6 694
7 4581
8 33286
9 2059
10 38737
11 26260
12 6138
13 50211
14 509
15 54516
16 41996
17 61463
18 35459
19 15412
20 13500
21 51562
22 19777
23 53838
24 7603
25 60833
26 13267
27 20974
28 9808
29 61022
30 31175
31 8500
32 33576
33 63706
34 52594
35 142
36 51441
37 26510
38 44543
39 19891
40 47492
41 20954
42 4367
43 9999
44 63165
45 41101
46 35898
47 35298
48 54798
49 57536
50 51538
51 35391
52 13211
53 22048
54 24342
55 43455
56 23628
57 32134
58 59079
59 44534
60 8538
61 3290
62 57359
63 35300
64 24688
65 31739
66 57719
67 61510
68 18032
69 47966
70 27776
71 13221
72 62664
73 18761
74 37836
75 31488
76 32602
77 54969
78 49929
79 17105
80 55421
81 23378
82 5371
83 40313
84 6667
85 24342
86 6536
87 52463
88 54368
89 21064
90 55346
91 35519
92 48081
93 60583
94 36745
95 14343
96 45283
97 34182
98 12730
99 26003
100 38589
101 38691
102 21841
103 17090
104 24431
105 5538
106 17234
107 59571
108 32483
109 5432
110 12440
111 30135
112 21865
113 6934
114 45313
115 36188
116 21771
117 50371
118 6912
119 5824
120 57232
121 27427
122 46154
123 45767
124 38501
125 61044
126 19820
127 7965
128 30201
129 46343
130 28046
131 17676
132 49892
133 44205
134 16629
135 10683
136 43962
137 60417
138 59449
139 1008
140 51169
141 36736
142 4218
143 46513
144 52763
145 22298
146 33888
147 45551
148 59865
149 53030
150 52096
151 20400
152 63031
153 52817
154 13526
155 49549
156 12004
157 278
158 39363
159 61494
160 14125
161 40352
162 27974
163 19492
164 37109
165 61008
166 5659
167 26969
168 8617
169 3592
170 61707
171 55726
172 20658
173 36037
174 52711
175 38563
176 9699
177 60620
178 58561
179 51112
180 31288
181 44231
182 6949
183 26244
184 46047
185 34859
186 6436
187 59596
188 58837
189 31688
190 9139
191 4009
192 58445
193 52651
194 49538
195 39467
196 41224
197 53258
198 48280
199 54628
200 21053
201 21902
202 5533
203 21674
204 45656
205 29605
206 8596
207 18077
208 26214
209 41663
210 2848
211 56249
212 1084
213 54291
214 50040
215 35517
216 40237
217 49751
218 34718
219 16900
220 16598
221 24153
222 51597
223 29990
224 7791
225 13777
226 19861
227 42836
228 47693
229 16320
230 47395
231 12189
232 63905
233 6049
234 56065
235 40808
236 25174
237 13053
238 47073
239 22541
240 48577
241 51160
242 44344
243 3256
244 46886
245 63309
246 33249
247 40020
248 27850
249 4123
250 13157
251 10780
252 51297
253 38804
254 31365
255 4011
256 17311
257 50167
258 54267
259 4777
260 35132
261 15114
262 37188
263 34432
264 51946
265 45578
266 21811
267 40803
268 36388
269 53907
270 35460
271 4703
272 34121
273 45682
274 25910
275 14988
276 41911
277 34645
278 4684
279 57763
280 24623
281 32055
282 40382
283 19046
284 53651
285 47490
286 9803
287 34828
288 24082
289 57231
290 3027
291 47471
292 34418
293 49279
294 23652
295 28379
296 1489
297 62020
298 42037
299 18368
300 437
