# prime 64747 300
# engine av12453_gemm_split storage u16 threads 8 prune 1
0 1
1 1
2 2
3 6
4 24
5 119
6 694
7 4581
8 33286
9 1939
10 37747
11 17440
12 54932
13 63165
14 54631
15 58994
16 59060
17 27205
18 44301
19 22810
20 54931
21 63425
22 13376
23 49135
24 40867
25 2101
26 43711
27 59225
28 20111
29 55663
30 35906
31 3414
32 54643
33 57706
34 7540
35 50969
36 19073
37 11975
38 14852
39 61996
40 38862
41 42077
42 2384
43 15561
44 43158
45 35191
46 46472
47 13757
48 876
49 38320
50 55127
51 53145
52 644
53 5639
54 50899
55 11096
56 13832
57 54818
58 32599
59 40454
60 42309
61 55536
62 43291
63 21407
64 7458
65 36407
66 12821
67 60426
68 21713
69 29327
70 1375
71 3358
72 4558
73 7831
74 10439
75 59042
76 25285
77 22772
78 52206
79 6263
80 13213
81 38891
82 21780
83 39176
84 61608
85 26548
86 19364
87 50360
88 46942
89 59637
90 8526
91 41707
92 21269
93 22523
94 42067
95 40719
96 41047
97 51738
98 46240
99 62307
100 15566
101 32603
102 13133
103 9457
104 47565
105 30013
106 10674
107 11662
108 2334
109 56826
110 25361
111 25479
112 6168
113 36771
114 18561
115 39924
116 59836
117 36418
118 3245
119 45477
120 54049
121 28388
122 1995
123 61288
124 39986
125 9004
126 11526
127 52705
128 3061
129 4160
130 2925
131 57952
132 41987
133 27730
134 49873
135 1746
136 9601
137 30662
138 18080
139 60946
140 54348
141 13704
142 59458
143 20489
144 53734
145 11997
146 7205
147 31173
148 8633
149 54761
150 55453
151 8466
152 32536
153 42892
154 32283
155 34010
156 56120
157 40597
158 61379
159 59542
160 34329
161 33458
162 38714
163 53557
164 9687
165 22117
166 13906
167 22724
168 58963
169 15066
170 21178
171 50651
172 10239
173 8459
174 21197
175 13336
176 41788
177 48994
178 35151
179 2338
180 13789
181 5954
182 29096
183 60525
184 47778
185 34871
186 2561
187 15713
188 14962
189 3693
190 41950
191 36823
192 6925
193 2077
194 15444
195 33457
196 44313
197 62716
198 12040
199 33533
200 663
201 29380
202 33802
203 56023
204 27387
205 17017
206 61987
207 8730
208 47353
209 36059
210 7527
211 45224
212 39058
213 35231
214 40323
215 13487
216 62780
217 31809
218 12194
219 56036
220 6356
221 23389
222 10854
223 20877
224 55486
225 52504
226 47971
227 63206
228 38132
229 34201
230 21310
231 30142
232 28440
233 37491
234 37169
235 5835
236 60109
237 5204
238 33472
239 49651
240 25411
241 23111
242 4585
243 34119
244 4365
245 56610
246 13937
247 47915
248 22023
249 46927
250 49224
251 44492
252 19817
253 60501
254 3052
255 48492
256 58290
257 26744
258 50431
259 64225
260 55678
261 64723
262 17201
263 27844
264 36766
265 18141
266 62618
267 14536
268 9304
269 31224
270 40983
271 18719
272 13833
273 29847
274 20455
275 1389
276 53521
277 11502
278 47735
279 48975
280 42137
281 26719
282 60635
283 44141
284 14508
285 15952
286 25680
287 242
288 61113
289 3520
290 32379
291 13281
292 48500
293 911
294 20264
295 43497
296 6840
297 17654
298 16752
299 36126
300 26545
