# prime 64763 300
# engine av12453_gemm_split storage u16 threads 8 prune 1
0 1
1 1
2 2
3 6
4 24
5 119
6 694
7 4581
8 33286
9 1875
10 37219
11 12736
12 11924
13 44463
14 30214
15 59471
16 8719
17 11082
18 60052
19 33496
20 3554
21 36538
22 63645
23 36061
24 35707
25 35333
26 51580
27 29695
28 49861
29 12202
30 4981
31 57090
32 20265
33 6001
34 58365
35 58362
36 42623
37 60847
38 28427
39 33114
40 44310
41 37950
42 60143
43 53104
44 38060
45 14184
46 38484
47 20545
48 35563
49 58907
50 12788
51 62613
52 8274
53 63506
54 53458
55 11901
56 375
57 58310
58 40143
59 24865
60 13735
61 57769
62 30482
63 33765
64 32347
65 2017
66 5471
67 57439
68 25579
69 10563
70 25254
71 48140
72 62485
73 20425
74 10200
75 21385
76 19005
77 2791
78 40849
79 39583
80 36136
81 21438
82 37131
83 33351
84 2498
85 5432
86 24372
87 29679
88 14139
89 24445
90 2872
91 44929
92 39596
93 60472
94 34068
95 5142
96 2024
97 43853
98 47797
99 61533
100 17571
101 2175
102 52627
103 11342
104 58682
105 17264
106 61869
107 47418
108 12594
109 60515
110 13885
111 13018
112 23761
113 17789
114 10705
115 60836
116 52719
117 29160
118 43790
119 19083
120 14686
121 13747
122 8474
123 18218
124 16421
125 52766
126 51168
127 30891
128 22269
129 27068
130 47098
131 64230
132 56616
133 63446
134 53880
135 49554
136 23059
137 43671
138 57001
139 43918
140 47164
141 32947
142 60765
143 17799
144 9433
145 41936
146 34527
147 14805
148 23243
149 14276
150 30411
151 47921
152 40636
153 33224
154 30659
155 15929
156 29917
157 32511
158 34068
159 64192
160 7958
161 51968
162 28454
163 59447
164 55216
165 58166
166 57966
167 650
168 9655
169 15321
170 21044
171 19251
172 31972
173 1271
174 15675
175 12282
176 31542
177 55370
178 44578
179 56737
180 59026
181 32678
182 34083
183 22014
184 15505
185 43591
186 34293
187 49677
188 10040
189 43805
190 26753
191 28577
192 4621
193 38511
194 29347
195 45592
196 29885
197 44642
198 51061
199 44862
200 8045
201 5053
202 62121
203 37228
204 43285
205 56099
206 45309
207 60023
208 27776
209 60553
210 29053
211 23329
212 31146
213 25597
214 6071
215 63949
216 3622
217 59375
218 13189
219 45527
220 59039
221 39915
222 32133
223 33207
224 28988
225 43761
226 22155
227 40256
228 25004
229 19423
230 9765
231 45705
232 31023
233 9930
234 35520
235 25326
236 5306
237 22754
238 61627
239 23293
240 52998
241 27667
242 30058
243 47471
244 4700
245 41428
246 30767
247 37320
248 34547
249 17871
250 37173
251 21278
252 35118
253 9962
254 20828
255 30096
256 61919
257 61599
258 2895
259 58180
260 63233
261 15518
262 14631
263 33091
264 53552
265 42049
266 38071
267 6671
268 1880
269 9469
270 32904
271 55034
272 3776
273 20035
274 23896
275 34471
276 36886
277 33493
278 59947
279 1049
280 12092
281 15176
282 38507
283 49288
284 652
285 61951
286 60620
287 39266
288 53727
289 20197
290 13723
291 49280
292 43514
293 57561
294 61834
295 37660
296 3869
297 47204
298 20730
299 25813
300 54254
