# prime 64781 300
# engine av12453_gemm_split storage u16 threads 8 prune 1
0 1
1 1
2 2
3 6
4 24
5 119
6 694
7 4581
8 33286
9 1803
10 36625
11 7444
12 28321
13 39848
14 29371
15 26848
16 55592
17 63213
18 44028
19 18918
20 43310
21 41572
22 56614
23 24140
24 15358
25 37694
26 1694
27 21253
28 39923
29 56616
30 23117
31 15888
32 3866
33 49639
34 36167
35 45485
36 19149
37 58515
38 47036
39 16076
40 30781
41 16542
42 49523
43 45843
44 63667
45 28805
46 7809
47 54713
48 59109
49 16557
50 25309
51 32094
52 29941
53 59128
54 28013
55 31410
56 51968
57 29301
58 44404
59 60134
60 17878
61 27301
62 27243
63 35178
64 51405
65 56326
66 28023
67 19805
68 28127
69 47471
70 1432
71 24145
72 46033
73 44438
74 57391
75 63938
76 46780
77 40831
78 18804
79 19720
80 5063
81 21722
82 21523
83 24522
84 22232
85 57373
86 4682
87 31129
88 61237
89 24853
90 60418
91 32614
92 11288
93 3035
94 5901
95 57017
96 31700
97 48001
98 14671
99 15466
100 55290
101 44169
102 52290
103 25669
104 24670
105 38479
106 13025
107 3580
108 18416
109 61732
110 35555
111 27500
112 5879
113 49883
114 28112
115 39415
116 58290
117 6502
118 32999
119 54218
120 48017
121 55515
122 58370
123 31484
124 52926
125 54139
126 17907
127 45888
128 52125
129 13539
130 41227
131 64292
132 36067
133 30364
134 34575
135 929
136 2572
137 11719
138 22162
139 38480
140 59905
141 5552
142 56431
143 53367
144 63280
145 43797
146 60578
147 1224
148 50442
149 60397
150 62434
151 14714
152 33733
153 36623
154 11295
155 17121
156 31575
157 39742
158 62863
159 3692
160 47564
161 58072
162 46789
163 49411
164 51663
165 21502
166 32769
167 39488
168 13247
169 11942
170 12093
171 3337
172 43090
173 4625
174 51472
175 25195
176 51385
177 60179
178 4646
179 2579
180 40703
181 1821
182 16187
183 60708
184 52518
185 15317
186 17783
187 10523
188 28571
189 2426
190 20888
191 21760
192 38713
193 11148
194 3229
195 4474
196 50967
197 10371
198 16753
199 43254
200 54341
201 5201
202 39387
203 17870
204 26501
205 35108
206 57042
207 18014
208 31064
209 41300
210 24702
211 31641
212 11618
213 17969
214 56091
215 19244
216 58578
217 13796
218 26694
219 36425
220 18316
221 4275
222 50037
223 39562
224 54812
225 51667
226 14885
227 31157
228 37967
229 41747
230 41692
231 22585
232 24171
233 23066
234 26557
235 11042
236 19119
237 9685
238 42614
239 22157
240 63354
241 46768
242 60983
243 29788
244 23346
245 37153
246 56727
247 34850
248 2825
249 15900
250 14574
251 50404
252 15658
253 26630
254 13027
255 13026
256 8057
257 33371
258 8350
259 54595
260 1931
261 55589
262 4198
263 4162
264 12255
265 5058
266 38974
267 64612
268 1612
269 26872
270 47062
271 11844
272 30515
273 52646
274 61038
275 19473
276 48881
277 29760
278 49276
279 41037
280 31295
281 9496
282 29837
283 11470
284 19311
285 56971
286 59445
287 13659
288 54978
289 34547
290 43150
291 27915
292 26139
293 33357
294 7095
295 29285
296 21348
297 12593
298 36674
299 16420
300 60923
