# prime 64783 300
# engine av12453_gemm_split storage u16 threads 8 prune 1
0 1
1 1
2 2
3 6
4 24
5 119
6 694
7 4581
8 33286
9 1795
10 36559
11 6856
12 22947
13 53747
14 51025
15 39155
16 18973
17 61124
18 20963
19 6888
20 64617
21 15100
22 18878
23 55565
24 2590
25 31215
26 43675
27 36327
28 22782
29 23292
30 50651
31 47326
32 1950
33 22080
34 36552
35 3591
36 56460
37 11633
38 28849
39 34079
40 30410
41 20033
42 2414
43 55776
44 49940
45 16216
46 48557
47 35753
48 10147
49 46699
50 6935
51 1054
52 36016
53 50948
54 11976
55 8926
56 32862
57 36391
58 15971
59 51629
60 39301
61 25835
62 6485
63 31333
64 20872
65 16574
66 28188
67 4852
68 35403
69 5309
70 64621
71 31984
72 42492
73 63440
74 24884
75 9671
76 33156
77 28096
78 37435
79 10951
80 25060
81 43017
82 17999
83 53606
84 50622
85 25031
86 44338
87 61896
88 17125
89 28111
90 62395
91 31465
92 47314
93 52640
94 15527
95 10076
96 33559
97 354
98 2023
99 26069
100 58527
101 58720
102 26509
103 36337
104 35877
105 6413
106 51197
107 10729
108 42836
109 31671
110 4105
111 32092
112 32243
113 50780
114 63221
115 62549
116 49132
117 34577
118 1388
119 60553
120 60981
121 49321
122 41809
123 34427
124 60725
125 37294
126 47857
127 22645
128 42691
129 20925
130 25800
131 58303
132 61300
133 13928
134 37573
135 35430
136 32587
137 2569
138 35656
139 27123
140 6473
141 62301
142 20909
143 3531
144 18284
145 36252
146 44388
147 46773
148 8971
149 30469
150 28090
151 26739
152 37397
153 56538
154 35443
155 27296
156 53410
157 30021
158 46154
159 39736
160 39204
161 27562
162 22575
163 39063
164 45308
165 57165
166 26853
167 18104
168 19113
169 33480
170 32878
171 31010
172 19123
173 10015
174 4155
175 34402
176 4028
177 1356
178 5454
179 12433
180 58266
181 24317
182 31744
183 59408
184 17722
185 54307
186 9739
187 38649
188 18715
189 22757
190 54430
191 5861
192 16480
193 62982
194 37017
195 5388
196 4714
197 8795
198 32699
199 45504
200 2431
201 28628
202 17173
203 53932
204 17252
205 47479
206 23651
207 55874
208 7580
209 149
210 55842
211 36595
212 11897
213 32049
214 28917
215 59815
216 40240
217 33657
218 9001
219 62547
220 20071
221 18085
222 14208
223 9793
224 54141
225 61401
226 25402
227 42431
228 38957
229 20752
230 53701
231 39424
232 8913
233 16070
234 53744
235 49439
236 19884
237 7289
238 4116
239 15773
240 26322
241 6730
242 29692
243 46948
244 27501
245 63385
246 34419
247 50685
248 62061
249 57623
250 43100
251 42703
252 62834
253 50982
254 47255
255 16549
256 55324
257 2529
258 32576
259 13294
260 46876
261 84
262 27095
263 39101
264 8412
265 60955
266 63385
267 38656
268 58159
269 1831
270 29924
271 32699
272 1595
273 31980
274 30147
275 27185
276 60944
277 40003
278 51464
279 15409
280 13855
281 34226
282 25757
283 1964
284 34765
285 23192
286 45576
287 38285
288 6045
289 26203
290 33552
291 24850
292 20399
293 32037
294 44378
295 43300
296 4729
297 52281
298 7372
299 17300
300 52588
