# prime 64793 300
# engine av12453_gemm_split storage u16 threads 8 prune 1
0 1
1 1
2 2
3 6
4 24
5 119
6 694
7 4581
8 33286
9 1755
10 36229
11 3916
12 60870
13 58509
14 30189
15 40517
16 12684
17 26795
18 55291
19 40251
20 61097
21 3535
22 21257
23 8982
24 28083
25 9818
26 17786
27 49763
28 44733
29 14577
30 12303
31 18940
32 5565
33 27789
34 47185
35 14823
36 34670
37 39928
38 22837
39 43787
40 64761
41 31418
42 35654
43 31557
44 1662
45 3290
46 43494
47 39615
48 14346
49 55865
50 62319
51 28643
52 49993
53 27961
54 56189
55 21354
56 20370
57 56292
58 56160
59 26954
60 3304
61 11330
62 42140
63 35980
64 61400
65 39361
66 50238
67 1681
68 18571
69 62143
70 29907
71 41399
72 25987
73 57587
74 44412
75 32218
76 15177
77 31888
78 48572
79 64439
80 22764
81 49160
82 20890
83 15165
84 7657
85 8686
86 52649
87 7297
88 51881
89 2366
90 49481
91 34964
92 40394
93 56564
94 18886
95 37172
96 9437
97 12839
98 64351
99 62300
100 40818
101 5667
102 14741
103 41235
104 43470
105 20374
106 26143
107 9131
108 33029
109 12968
110 12165
111 50172
112 57892
113 62526
114 42973
115 3146
116 11067
117 11297
118 37341
119 14834
120 5849
121 25496
122 59902
123 4279
124 39463
125 34159
126 36537
127 40952
128 15175
129 9130
130 33926
131 49672
132 14736
133 60975
134 60215
135 12498
136 30447
137 26251
138 32371
139 36360
140 29939
141 11561
142 10824
143 51595
144 48406
145 22865
146 64210
147 24839
148 20507
149 23725
150 42076
151 7798
152 25293
153 6142
154 60929
155 60831
156 8858
157 37712
158 42946
159 12471
160 56889
161 55441
162 10744
163 30672
164 22415
165 3066
166 17059
167 44458
168 44320
169 19441
170 30196
171 14389
172 1595
173 26570
174 44011
175 16965
176 22862
177 32713
178 14129
179 11381
180 10145
181 54865
182 2263
183 1103
184 31275
185 45131
186 16956
187 50761
188 3124
189 60337
190 56560
191 46946
192 33443
193 49389
194 14043
195 1867
196 47590
197 45890
198 9441
199 32991
200 37008
201 20789
202 20724
203 38663
204 10823
205 56336
206 43840
207 60530
208 11855
209 21491
210 9052
211 45233
212 41473
213 47088
214 60367
215 13742
216 8450
217 5553
218 42501
219 2408
220 32090
221 41361
222 53348
223 48899
224 28745
225 4922
226 59393
227 17175
228 23008
229 1739
230 40391
231 5873
232 34794
233 42803
234 19938
235 12955
236 5561
237 50004
238 2587
239 24412
240 39365
241 57270
242 63980
243 24642
244 27662
245 18854
246 55782
247 2159
248 3266
249 4973
250 11014
251 51800
252 14234
253 61630
254 1608
255 62032
256 28490
257 11712
258 11461
259 12627
260 8032
261 14614
262 4724
263 26988
264 38152
265 58277
266 27331
267 14193
268 700
269 8896
270 3647
271 47774
272 53708
273 19343
274 46481
275 24722
276 36810
277 48488
278 11611
279 39205
280 9187
281 49093
282 10314
283 19472
284 56448
285 55712
286 2205
287 2742
288 49699
289 300
290 44989
291 21674
292 7730
293 21866
294 4829
295 15230
296 48174
297 22290
298 7410
299 8187
300 57154
