# prime 64811 300
# engine av12453_gemm_split storage u16 threads 8 prune 1
0 1
1 1
2 2
3 6
4 24
5 119
6 694
7 4581
8 33286
9 1683
10 35635
11 63435
12 12522
13 54320
14 33486
15 49360
16 31280
17 58115
18 22749
19 58250
20 58566
21 13569
22 6731
23 63074
24 16233
25 29722
26 17803
27 40351
28 1285
29 37267
30 53704
31 6383
32 21386
33 41950
34 49782
35 41887
36 6187
37 32656
38 61775
39 10754
40 43601
41 27010
42 28238
43 2347
44 43665
45 33685
46 4222
47 29890
48 33615
49 13776
50 35510
51 51780
52 28251
53 7268
54 27951
55 6823
56 17159
57 18729
58 16475
59 44647
60 32884
61 63731
62 45634
63 54604
64 25994
65 25826
66 48452
67 37882
68 23612
69 39293
70 21222
71 31665
72 39206
73 40027
74 28426
75 41963
76 23096
77 52015
78 4835
79 5528
80 44919
81 30645
82 14004
83 17169
84 63021
85 23305
86 55079
87 24969
88 61120
89 14022
90 13840
91 11433
92 5710
93 3079
94 5117
95 463
96 33828
97 29687
98 4231
99 11050
100 27844
101 18943
102 46716
103 60667
104 34655
105 6405
106 62395
107 29981
108 22799
109 61579
110 60675
111 11675
112 19547
113 60001
114 49526
115 27118
116 56783
117 47670
118 25920
119 3887
120 62102
121 47320
122 58795
123 63856
124 8735
125 23851
126 51046
127 48713
128 4361
129 48622
130 47966
131 26100
132 11114
133 359
134 43210
135 60678
136 9270
137 53056
138 56879
139 11633
140 44191
141 42561
142 19478
143 19193
144 55586
145 14986
146 39820
147 19393
148 2029
149 6979
150 27823
151 54070
152 55370
153 48751
154 38688
155 24991
156 20820
157 29765
158 23138
159 1692
160 54604
161 44627
162 26590
163 36126
164 51247
165 60273
166 42555
167 549
168 47675
169 16874
170 45485
171 27727
172 24996
173 14676
174 30125
175 20677
176 59316
177 31208
178 40113
179 37802
180 59156
181 1597
182 50398
183 15066
184 58632
185 62953
186 39852
187 57375
188 15617
189 45793
190 43998
191 7855
192 15914
193 39582
194 45224
195 46058
196 27089
197 21597
198 48687
199 569
200 25899
201 28862
202 17298
203 42114
204 48055
205 51392
206 55111
207 46205
208 31842
209 29081
210 43029
211 41795
212 26068
213 1201
214 54539
215 42018
216 40471
217 30032
218 13702
219 50051
220 57256
221 20283
222 54528
223 42509
224 37785
225 43926
226 44836
227 28885
228 39497
229 55040
230 62453
231 23637
232 54918
233 23741
234 5755
235 14981
236 8515
237 58531
238 9968
239 40029
240 19882
241 59797
242 17211
243 54576
244 57621
245 12106
246 8473
247 41521
248 4527
249 57944
250 46717
251 4481
252 54325
253 20440
254 39454
255 30080
256 22553
257 64682
258 4809
259 15106
260 25933
261 43704
262 2928
263 25524
264 43412
265 49207
266 33201
267 39707
268 46959
269 42419
270 4506
271 7454
272 11963
273 20789
274 10900
275 6465
276 36115
277 42923
278 32648
279 31170
280 786
281 10602
282 3066
283 21648
284 11044
285 34479
286 18326
287 3949
288 34340
289 43391
290 41049
291 14079
292 8850
293 27993
294 55698
295 45147
296 56858
297 53578
298 4837
299 47772
300 62344
