# prime 64817 300
# engine av12453_gemm_split storage u16 threads 8 prune 1
0 1
1 1
2 2
3 6
4 24
5 119
6 694
7 4581
8 33286
9 1659
10 35437
11 61677
12 61223
13 31374
14 35137
15 36230
16 7728
17 13377
18 21127
19 9532
20 47051
21 38612
22 46831
23 59262
24 49190
25 12297
26 61301
27 26282
28 6307
29 6875
30 50206
31 30523
32 24240
33 26723
34 25303
35 24261
36 45683
37 37609
38 12209
39 42792
40 4742
41 39250
42 21611
43 52421
44 30867
45 45019
46 1838
47 63489
48 22217
49 24903
50 45725
51 12831
52 60743
53 43191
54 36117
55 5046
56 56591
57 19530
58 60213
59 21327
60 59923
61 25541
62 64729
63 39265
64 7700
65 47958
66 57523
67 63220
68 34062
69 45348
70 19379
71 58658
72 52639
73 45682
74 29003
75 7243
76 49418
77 18644
78 43342
79 14955
80 11875
81 20314
82 31767
83 27306
84 57981
85 45355
86 47191
87 13321
88 45227
89 34250
90 46502
91 62865
92 22064
93 32918
94 29483
95 2507
96 55851
97 22998
98 6401
99 62828
100 7760
101 35201
102 51211
103 22542
104 44320
105 52515
106 18841
107 44763
108 16626
109 28936
110 64620
111 48581
112 24885
113 4990
114 45095
115 37109
116 44296
117 37246
118 33625
119 33792
120 1774
121 5430
122 55310
123 34862
124 29517
125 1699
126 37715
127 25701
128 50623
129 61580
130 8276
131 36207
132 58977
133 56417
134 59101
135 21114
136 20039
137 51203
138 59323
139 39736
140 7814
141 34923
142 12790
143 54058
144 59854
145 40544
146 62558
147 50111
148 14225
149 45534
150 50048
151 63279
152 46827
153 17283
154 19813
155 27054
156 5520
157 58633
158 24374
159 36125
160 44037
161 7269
162 48833
163 23981
164 33065
165 18508
166 32213
167 52616
168 28786
169 44504
170 21311
171 5709
172 53515
173 45740
174 32346
175 47121
176 24279
177 45180
178 27861
179 53190
180 29223
181 63689
182 38031
183 55666
184 32590
185 3568
186 27633
187 63130
188 13968
189 27331
190 34946
191 36609
192 25996
193 47351
194 33235
195 35602
196 22770
197 17189
198 30236
199 45569
200 38275
201 62924
202 61128
203 57913
204 41297
205 39917
206 43907
207 16047
208 25232
209 47520
210 27685
211 36609
212 9728
213 12746
214 36203
215 18069
216 21801
217 25840
218 40343
219 6204
220 30271
221 64190
222 14934
223 49650
224 330
225 4709
226 19147
227 64489
228 34626
229 51667
230 23015
231 63631
232 18837
233 10319
234 34523
235 48962
236 60574
237 43804
238 3426
239 14540
240 31700
241 4190
242 18389
243 63738
244 38300
245 63212
246 26828
247 15326
248 14320
249 32739
250 40184
251 40335
252 38774
253 3178
254 14048
255 46893
256 43901
257 46467
258 46960
259 57206
260 32340
261 56280
262 29162
263 45662
264 49138
265 59237
266 47496
267 54837
268 3316
269 40137
270 11125
271 24481
272 53476
273 11687
274 15346
275 15654
276 49762
277 2147
278 14878
279 13437
280 934
281 25125
282 44755
283 64311
284 35466
285 54810
286 64465
287 44315
288 5731
289 57042
290 32663
291 52972
292 54307
293 60093
294 21152
295 13085
296 45024
297 55074
298 62640
299 36419
300 30731
