# prime 64849 300
# engine av12453_gemm_split storage u16 threads 8 prune 1
0 1
1 1
2 2
3 6
4 24
5 119
6 694
7 4581
8 33286
9 1531
10 34381
11 52301
12 40152
13 60715
14 5371
15 34433
16 57782
17 3026
18 61164
19 8236
20 58256
21 37071
22 44611
23 19210
24 63827
25 2707
26 52194
27 661
28 5763
29 13828
30 2151
31 29345
32 35612
33 20965
34 14261
35 35539
36 56690
37 8905
38 31939
39 34593
40 41807
41 31676
42 39142
43 30978
44 40546
45 4529
46 63056
47 38668
48 29145
49 3144
50 24273
51 40098
52 41957
53 63079
54 42583
55 16904
56 53113
57 50108
58 20223
59 59406
60 15217
61 2980
62 38902
63 49755
64 13098
65 21893
66 49009
67 12408
68 19408
69 59124
70 13359
71 1165
72 45988
73 9239
74 46033
75 62738
76 9749
77 19975
78 49564
79 61946
80 62860
81 10236
82 51263
83 25678
84 56935
85 55401
86 55679
87 4467
88 44377
89 46665
90 22505
91 45302
92 58611
93 42740
94 29014
95 18291
96 24332
97 63267
98 56692
99 38795
100 18783
101 31829
102 36629
103 17579
104 9602
105 61509
106 1367
107 8305
108 22349
109 21671
110 2279
111 1833
112 19384
113 40297
114 57458
115 51440
116 58006
117 19774
118 31143
119 40194
120 7206
121 48958
122 43439
123 11807
124 40024
125 8586
126 27666
127 31074
128 24998
129 22229
130 9768
131 29758
132 14706
133 8801
134 35811
135 13418
136 63050
137 3223
138 59677
139 54391
140 46053
141 10450
142 33786
143 56584
144 16886
145 37206
146 19517
147 888
148 50944
149 39559
150 9367
151 22739
152 13567
153 9130
154 31319
155 64270
156 46530
157 61183
158 7371
159 8253
160 16450
161 30100
162 57658
163 25594
164 24840
165 5830
166 12601
167 35516
168 43495
169 38083
170 20729
171 37282
172 39670
173 58612
174 30092
175 1644
176 27079
177 57010
178 13906
179 35639
180 12065
181 2580
182 21609
183 53463
184 9383
185 7852
186 2444
187 12238
188 54608
189 2183
190 60552
191 8153
192 35977
193 35296
194 52617
195 47415
196 23241
197 37624
198 6407
199 60262
200 40935
201 57829
202 37607
203 14178
204 27901
205 19940
206 11665
207 1735
208 53458
209 39908
210 26627
211 40130
212 47152
213 40153
214 23029
215 52733
216 11964
217 56336
218 19772
219 36305
220 59130
221 60441
222 49231
223 58485
224 41231
225 16706
226 45135
227 12051
228 47422
229 63033
230 9478
231 22858
232 41066
233 25736
234 59902
235 24665
236 47887
237 19450
238 52106
239 2579
240 13941
241 24702
242 23408
243 17428
244 29598
245 13743
246 3141
247 64474
248 24987
249 44142
250 317
251 54798
252 25875
253 34547
254 57279
255 28275
256 35713
257 16614
258 43446
259 63775
260 25141
261 62647
262 43654
263 63679
264 60221
265 47565
266 23174
267 31199
268 14959
269 37656
270 30219
271 28340
272 18890
273 31443
274 26715
275 17795
276 49605
277 63058
278 14545
279 56720
280 20386
281 46374
282 20247
283 30394
284 23982
285 35747
286 56465
287 4750
288 7165
289 22849
290 4818
291 10774
292 15299
293 8628
294 56400
295 11769
296 29845
297 4194
298 52613
299 18946
300 35828
