# prime 64853 300
# engine av12453_gemm_split storage u16 threads 8 prune 1
0 1
1 1
2 2
3 6
4 24
5 119
6 694
7 4581
8 33286
9 1515
10 34249
11 51129
12 29416
13 23908
14 50839
15 15410
16 7165
17 2369
18 46941
19 1244
20 18107
21 54983
22 50476
23 29424
24 50736
25 42070
26 1528
27 14774
28 16209
29 2400
30 42688
31 16148
32 9895
33 57084
34 32445
35 10536
36 18729
37 45615
38 2627
39 11898
40 42342
41 40543
42 24551
43 2371
44 30772
45 29673
46 16109
47 12976
48 17041
49 8568
50 27961
51 12051
52 43428
53 48135
54 8294
55 36453
56 11407
57 41938
58 26264
59 42569
60 32534
61 887
62 42457
63 38594
64 37571
65 51038
66 19993
67 44978
68 31232
69 17711
70 35958
71 4325
72 55731
73 17443
74 12373
75 23532
76 35678
77 56477
78 47071
79 24906
80 26480
81 61671
82 15959
83 46161
84 35627
85 19486
86 64210
87 59037
88 29669
89 3643
90 16075
91 42876
92 54640
93 6173
94 30978
95 31748
96 18760
97 9970
98 37926
99 18754
100 28954
101 53422
102 33726
103 27636
104 64513
105 45953
106 37996
107 23845
108 13117
109 47645
110 60139
111 7288
112 31811
113 32209
114 49673
115 16833
116 13810
117 26282
118 45960
119 8906
120 55455
121 30185
122 20369
123 25420
124 58126
125 17083
126 20883
127 61018
128 29211
129 45154
130 54888
131 38658
132 9804
133 12254
134 40454
135 29236
136 11758
137 20021
138 5868
139 1753
140 21394
141 26812
142 47883
143 18700
144 22535
145 49674
146 61765
147 54251
148 26393
149 34416
150 60262
151 20323
152 39987
153 40153
154 58846
155 2221
156 21233
157 8807
158 27522
159 64606
160 50289
161 36423
162 4087
163 28853
164 40174
165 2640
166 55245
167 13407
168 1983
169 63396
170 54982
171 56839
172 15357
173 54902
174 53545
175 6815
176 56671
177 44530
178 1132
179 58334
180 35632
181 24577
182 17561
183 41729
184 34152
185 44286
186 19857
187 164
188 56790
189 50391
190 85
191 17917
192 1687
193 63413
194 24288
195 39870
196 1657
197 54446
198 15149
199 45456
200 64088
201 44431
202 30601
203 15859
204 49842
205 39565
206 29978
207 3387
208 52605
209 11381
210 29470
211 28530
212 48565
213 23382
214 30341
215 32535
216 44324
217 2581
218 1460
219 25296
220 52701
221 42044
222 63947
223 50280
224 30823
225 35961
226 20646
227 55330
228 40876
229 47357
230 48839
231 58906
232 32340
233 32722
234 25015
235 60899
236 55065
237 33864
238 38767
239 26442
240 47033
241 16688
242 36624
243 59343
244 10820
245 23704
246 45974
247 16946
248 54358
249 34727
250 43698
251 16958
252 45572
253 12924
254 42106
255 53054
256 46509
257 47285
258 8983
259 56760
260 17929
261 61490
262 5363
263 22845
264 31981
265 56046
266 64662
267 774
268 18553
269 43472
270 42015
271 45276
272 19178
273 55470
274 53694
275 54381
276 10932
277 32783
278 47632
279 26358
280 39245
281 12294
282 983
283 8319
284 20252
285 27807
286 29800
287 60756
288 57702
289 15794
290 9159
291 31207
292 42592
293 11475
294 37306
295 1477
296 19024
297 28524
298 9410
299 4226
300 45019
