# prime 64877 300
# engine av12453_gemm_split storage u16 threads 8 prune 1
0 1
1 1
2 2
3 6
4 24
5 119
6 694
7 4581
8 33286
9 1419
10 33457
11 44097
12 29877
13 62742
14 1950
15 56730
16 32268
17 36689
18 12138
19 64812
20 55228
21 15320
22 2633
23 16993
24 33377
25 41500
26 3218
27 1827
28 47254
29 37967
30 1579
31 55414
32 19383
33 40591
34 26278
35 57791
36 53919
37 20311
38 39226
39 50563
40 45247
41 3276
42 46149
43 24526
44 23305
45 7469
46 13731
47 56982
48 5324
49 54298
50 28306
51 8470
52 26678
53 39486
54 30826
55 55004
56 8015
57 19403
58 9841
59 54796
60 64099
61 28900
62 59722
63 30581
64 58010
65 8525
66 52689
67 25885
68 41549
69 25811
70 39872
71 10678
72 25129
73 3206
74 12768
75 28257
76 35478
77 10767
78 29847
79 59357
80 3626
81 34712
82 33214
83 2747
84 20096
85 40854
86 4424
87 62157
88 44469
89 28496
90 24778
91 54533
92 56717
93 64528
94 16175
95 61652
96 36430
97 24749
98 16633
99 42936
100 45848
101 51351
102 18507
103 37547
104 42514
105 38337
106 5240
107 19209
108 18954
109 2071
110 59544
111 17260
112 41577
113 9736
114 10207
115 48305
116 54495
117 21866
118 25386
119 61343
120 22399
121 41935
122 6394
123 16543
124 26256
125 1941
126 51677
127 45050
128 31220
129 27309
130 30980
131 18772
132 52499
133 23949
134 34552
135 46119
136 4920
137 43531
138 21140
139 60696
140 45927
141 54408
142 48341
143 17987
144 19140
145 41272
146 1576
147 9154
148 21314
149 1125
150 29018
151 22277
152 24303
153 28176
154 24467
155 32937
156 31677
157 5277
158 1323
159 30994
160 13151
161 6326
162 55551
163 4805
164 42259
165 29718
166 57659
167 13917
168 30025
169 51141
170 47766
171 24869
172 9694
173 20166
174 26898
175 46544
176 49044
177 22880
178 12571
179 2367
180 60300
181 1443
182 62574
183 8431
184 8569
185 53379
186 37969
187 18825
188 56154
189 63482
190 33579
191 11364
192 50724
193 18199
194 1305
195 60467
196 19745
197 2186
198 46606
199 47147
200 56455
201 40054
202 27441
203 61443
204 46708
205 64664
206 3981
207 56020
208 19365
209 62603
210 15047
211 914
212 64700
213 41866
214 84
215 53179
216 61081
217 46661
218 46997
219 23132
220 62595
221 34055
222 26935
223 15240
224 45745
225 18843
226 58534
227 19533
228 11482
229 18619
230 31363
231 37450
232 51410
233 42694
234 3184
235 34439
236 33029
237 17321
238 30412
239 33683
240 44497
241 35758
242 6854
243 9459
244 26890
245 24477
246 14635
247 555
248 34054
249 63825
250 51179
251 33374
252 56723
253 20814
254 12577
255 58694
256 23295
257 51817
258 15008
259 64280
260 53610
261 6220
262 2277
263 43560
264 33742
265 39680
266 30160
267 61341
268 5171
269 15747
270 56455
271 17013
272 16416
273 4429
274 7974
275 54184
276 38969
277 765
278 27071
279 24989
280 12456
281 59861
282 37923
283 61842
284 8534
285 43003
286 2758
287 27281
288 13249
289 38366
290 53046
291 30707
292 61609
293 10486
294 63296
295 48512
296 16002
297 50187
298 52189
299 18415
300 38396
