# prime 64871 300
# engine av12453_gemm_split storage u16 threads 8 prune 1
0 1
1 1
2 2
3 6
4 24
5 119
6 694
7 4581
8 33286
9 1443
10 33655
11 45855
12 45975
13 20553
14 62416
15 42260
16 32224
17 38326
18 43279
19 21527
20 45010
21 36533
22 40993
23 39664
24 27969
25 7459
26 12845
27 47532
28 15048
29 61050
30 4590
31 62078
32 61989
33 7308
34 59209
35 35901
36 15647
37 11766
38 53059
39 29258
40 46460
41 7760
42 34859
43 33387
44 3900
45 14063
46 55860
47 43438
48 382
49 29987
50 59723
51 17243
52 52005
53 14641
54 58888
55 13680
56 34452
57 29449
58 116
59 25908
60 35460
61 27154
62 47937
63 3079
64 53746
65 13006
66 62983
67 15904
68 44437
69 39675
70 25867
71 21473
72 27540
73 55567
74 58350
75 45624
76 2225
77 24073
78 37072
79 15621
80 7683
81 30530
82 9034
83 24751
84 39377
85 6322
86 51948
87 37796
88 12102
89 57618
90 15610
91 2588
92 16034
93 41119
94 1216
95 40314
96 45290
97 27291
98 14092
99 11715
100 42189
101 5198
102 39670
103 14489
104 11413
105 47351
106 12622
107 1544
108 16888
109 38607
110 43191
111 59290
112 51038
113 35076
114 14463
115 368
116 41490
117 19830
118 25334
119 55619
120 50871
121 41630
122 57228
123 31808
124 41624
125 48579
126 54066
127 54887
128 6487
129 2474
130 25001
131 19016
132 18247
133 4718
134 32483
135 56030
136 62571
137 21666
138 41387
139 24835
140 14814
141 48517
142 32889
143 43640
144 46355
145 2365
146 55775
147 44956
148 42035
149 17356
150 50839
151 35965
152 41348
153 22969
154 1420
155 3557
156 53215
157 34480
158 48692
159 3236
160 41904
161 26507
162 59563
163 35078
164 31374
165 1105
166 38341
167 20668
168 35616
169 34546
170 43003
171 46203
172 44380
173 45521
174 63533
175 6731
176 57264
177 42218
178 57260
179 25836
180 9144
181 41389
182 60806
183 28251
184 3715
185 13052
186 6972
187 51915
188 7586
189 4345
190 26201
191 46491
192 21053
193 18577
194 21924
195 48803
196 52545
197 16052
198 20983
199 62774
200 31261
201 55934
202 47913
203 54521
204 61972
205 43808
206 23375
207 8397
208 32397
209 37903
210 5020
211 37305
212 33335
213 26020
214 47160
215 25817
216 58935
217 34440
218 45612
219 44985
220 21242
221 28714
222 20966
223 13879
224 19542
225 37825
226 56776
227 28189
228 25279
229 25814
230 37590
231 28638
232 63853
233 59434
234 62386
235 17082
236 51180
237 2718
238 16415
239 22199
240 9258
241 42642
242 42064
243 61834
244 16525
245 44417
246 22507
247 16625
248 11761
249 57115
250 30490
251 35591
252 36573
253 12116
254 58438
255 5376
256 34934
257 30097
258 34929
259 47083
260 34465
261 15591
262 47601
263 16723
264 14701
265 3348
266 38523
267 55673
268 46817
269 32668
270 38409
271 12031
272 15975
273 4097
274 18966
275 62771
276 23772
277 53312
278 12645
279 23378
280 22280
281 20061
282 61554
283 32834
284 7150
285 25121
286 25558
287 50520
288 62352
289 44959
290 44624
291 7343
292 30792
293 59837
294 51856
295 55433
296 26857
297 18466
298 64298
299 40515
300 18462
