# prime 64879 300
# engine av12453_gemm_split storage u16 threads 8 prune 1
0 1
1 1
2 2
3 6
4 24
5 119
6 694
7 4581
8 33286
9 1411
10 33391
11 43511
12 24511
13 11934
14 25106
15 18914
16 16939
17 58632
18 31792
19 29798
20 20559
21 45563
22 12971
23 14860
24 37984
25 60255
26 42770
27 37084
28 62756
29 3387
30 29019
31 47592
32 14064
33 29121
34 62733
35 18460
36 35891
37 39998
38 26838
39 14752
40 21310
41 58222
42 15022
43 37473
44 10502
45 62999
46 59676
47 37512
48 47175
49 61811
50 54946
51 27870
52 11204
53 31963
54 11468
55 48597
56 16831
57 15700
58 28369
59 32732
60 13948
61 26330
62 42649
63 41895
64 25394
65 35818
66 30286
67 30978
68 3301
69 41766
70 26260
71 34376
72 19785
73 27561
74 50897
75 12701
76 18552
77 41809
78 25133
79 38984
80 21429
81 25028
82 30327
83 56047
84 22608
85 44674
86 61548
87 40956
88 58972
89 37176
90 23737
91 5072
92 43961
93 50648
94 53184
95 2891
96 29623
97 45015
98 62522
99 62368
100 31712
101 17905
102 4938
103 40029
104 36496
105 24976
106 8392
107 33371
108 60335
109 28205
110 26246
111 13188
112 15025
113 14434
114 14792
115 2199
116 15877
117 36805
118 9750
119 27648
120 29446
121 45505
122 37305
123 21500
124 58756
125 32162
126 25593
127 21440
128 21756
129 25902
130 58265
131 48824
132 39116
133 38796
134 19403
135 62049
136 48124
137 32227
138 28046
139 56927
140 34175
141 42685
142 42411
143 6048
144 16192
145 32499
146 540
147 18996
148 2353
149 34497
150 20038
151 27139
152 25069
153 55320
154 33701
155 18708
156 378
157 46966
158 4003
159 36321
160 60551
161 4705
162 56252
163 10536
164 27447
165 37542
166 46658
167 8016
168 1379
169 50933
170 59993
171 20170
172 26780
173 56393
174 57935
175 45190
176 60340
177 31823
178 25965
179 62941
180 29229
181 49595
182 40888
183 7858
184 32615
185 108
186 681
187 40957
188 61870
189 31932
190 34722
191 42184
192 45923
193 7391
194 28148
195 17991
196 55770
197 5591
198 60212
199 15335
200 35851
201 41663
202 38363
203 44820
204 49911
205 62488
206 50615
207 24339
208 32676
209 44149
210 22876
211 31715
212 60033
213 15596
214 60432
215 57630
216 2774
217 54004
218 51347
219 18037
220 12925
221 4085
222 47731
223 60138
224 32620
225 35363
226 43038
227 2600
228 27515
229 13945
230 17028
231 27982
232 27575
233 60143
234 29460
235 4099
236 52219
237 6595
238 34219
239 26173
240 9061
241 54732
242 38987
243 7864
244 5961
245 1041
246 58228
247 11500
248 8731
249 36894
250 16437
251 48496
252 18339
253 21683
254 34839
255 39348
256 51922
257 37063
258 17661
259 34985
260 39434
261 32420
262 64167
263 15149
264 16486
265 35698
266 46741
267 5719
268 34725
269 63188
270 21532
271 53408
272 3442
273 32618
274 44883
275 15957
276 51960
277 5264
278 15748
279 22522
280 11414
281 44604
282 13791
283 6933
284 47963
285 8845
286 50804
287 21959
288 40147
289 13106
290 42503
291 60338
292 58613
293 50717
294 17705
295 30494
296 13158
297 63076
298 25918
299 9432
300 43274
