# prime 64891 300
# engine av12453_gemm_split storage u16 threads 8 prune 1
0 1
1 1
2 2
3 6
4 24
5 119
6 694
7 4581
8 33286
9 1363
10 32995
11 39995
12 57206
13 31541
14 34932
15 57966
16 55796
17 36935
18 41115
19 22106
20 18936
21 17205
22 36995
23 58652
24 17261
25 4725
26 49620
27 9415
28 10115
29 30143
30 55340
31 611
32 1131
33 5967
34 10518
35 20247
36 56422
37 52179
38 40969
39 18379
40 14013
41 59733
42 35100
43 59586
44 44686
45 21214
46 21850
47 37502
48 5946
49 56075
50 51106
51 59233
52 31328
53 45999
54 60593
55 25231
56 41492
57 31291
58 5968
59 45697
60 35236
61 2811
62 6635
63 30408
64 11338
65 61028
66 3716
67 60963
68 31766
69 1881
70 53021
71 20660
72 4438
73 9201
74 63058
75 35831
76 31268
77 57425
78 42569
79 18500
80 18361
81 11896
82 5778
83 21731
84 10824
85 55096
86 24166
87 64084
88 5129
89 59538
90 44412
91 21771
92 11613
93 56511
94 30732
95 20565
96 21932
97 28159
98 1078
99 7276
100 52749
101 689
102 41148
103 56314
104 38157
105 10962
106 37395
107 28199
108 26714
109 59445
110 37194
111 42247
112 25501
113 60475
114 18859
115 56187
116 36088
117 39293
118 56406
119 20905
120 52936
121 9771
122 19675
123 45546
124 13664
125 28253
126 5006
127 63111
128 58828
129 7676
130 61897
131 47632
132 15767
133 61292
134 16860
135 3755
136 33307
137 18183
138 54647
139 29272
140 57821
141 43680
142 47114
143 2757
144 46857
145 16935
146 30615
147 5409
148 4312
149 14782
150 34789
151 28351
152 52672
153 56417
154 63587
155 50074
156 10967
157 51512
158 51399
159 26343
160 41411
161 52284
162 9344
163 25282
164 19117
165 17778
166 64226
167 22967
168 36920
169 34579
170 50792
171 28486
172 34082
173 58530
174 8748
175 23226
176 34501
177 11815
178 32172
179 31228
180 62868
181 63527
182 42171
183 64157
184 20007
185 14676
186 26195
187 55927
188 55361
189 60054
190 36392
191 30842
192 46648
193 557
194 57651
195 22779
196 52998
197 36022
198 33106
199 55798
200 22570
201 476
202 27277
203 6140
204 56913
205 52276
206 44571
207 32022
208 20690
209 45531
210 53089
211 59227
212 27033
213 43664
214 16151
215 19816
216 19349
217 1323
218 58958
219 24925
220 6457
221 45666
222 17413
223 5158
224 25725
225 51041
226 41614
227 16574
228 7773
229 13743
230 1813
231 29569
232 60744
233 34072
234 43263
235 26831
236 51212
237 2207
238 4676
239 54028
240 23186
241 51897
242 8524
243 36260
244 55917
245 46483
246 861
247 48038
248 22164
249 2209
250 39859
251 64361
252 2876
253 35759
254 5747
255 45011
256 51090
257 34608
258 20673
259 63173
260 31368
261 28110
262 22017
263 51933
264 25220
265 19672
266 3557
267 38058
268 6884
269 29079
270 58203
271 40939
272 43800
273 54786
274 23181
275 34821
276 40730
277 1290
278 55171
279 13948
280 59937
281 64090
282 36427
283 39430
284 26284
285 62959
286 31258
287 30462
288 26589
289 14608
290 59988
291 23445
292 21565
293 53130
294 23868
295 53727
296 32902
297 6094
298 31789
299 17342
300 23923
