# prime 64901 300
# engine av12453_gemm_split storage u16 threads 8 prune 1
0 1
1 1
2 2
3 6
4 24
5 119
6 694
7 4581
8 33286
9 1323
10 32665
11 37065
12 30386
13 37155
14 22330
15 12408
16 55560
17 3055
18 60671
19 38290
20 31120
21 45372
22 26107
23 31396
24 44842
25 4219
26 37320
27 2233
28 28327
29 40718
30 22224
31 56296
32 52702
33 16918
34 14534
35 36739
36 954
37 48758
38 30855
39 15470
40 37421
41 44398
42 44667
43 30969
44 49559
45 26002
46 23446
47 36672
48 41657
49 57670
50 17018
51 7371
52 35536
53 47265
54 53235
55 56409
56 54252
57 22551
58 41876
59 21275
60 22378
61 47936
62 60334
63 1310
64 37914
65 42311
66 30482
67 53291
68 12046
69 61958
70 41346
71 5993
72 62219
73 5546
74 59233
75 9618
76 40444
77 25127
78 56946
79 32234
80 31466
81 55304
82 16679
83 61028
84 45101
85 59784
86 53650
87 52926
88 2247
89 39004
90 1702
91 11976
92 64259
93 24481
94 58372
95 1830
96 61685
97 35689
98 29047
99 51595
100 45546
101 38393
102 25869
103 40137
104 18500
105 44642
106 13099
107 1251
108 38192
109 57788
110 41618
111 22699
112 11128
113 44515
114 63580
115 50577
116 51060
117 26978
118 29547
119 59003
120 56654
121 19963
122 6512
123 43283
124 16287
125 22453
126 13691
127 41616
128 64713
129 42558
130 31932
131 60199
132 57388
133 17430
134 4839
135 56162
136 15377
137 1182
138 15313
139 9282
140 56362
141 64801
142 58921
143 39912
144 47521
145 11001
146 28455
147 31575
148 38019
149 48190
150 726
151 23516
152 26293
153 10096
154 37129
155 6001
156 59859
157 42787
158 15377
159 18664
160 45988
161 32467
162 41890
163 4733
164 1303
165 26998
166 58615
167 17970
168 28505
169 49883
170 18412
171 40019
172 19629
173 28248
174 25352
175 10397
176 16581
177 48880
178 2863
179 5520
180 29194
181 13000
182 53865
183 16181
184 24325
185 43205
186 7863
187 42343
188 50520
189 29300
190 61782
191 48090
192 29875
193 8250
194 22951
195 34637
196 49993
197 58154
198 34247
199 45155
200 10621
201 24545
202 54662
203 62492
204 30248
205 15376
206 33933
207 62392
208 26216
209 61510
210 43326
211 62718
212 34218
213 31730
214 163
215 2857
216 55139
217 41486
218 54881
219 10182
220 34775
221 49390
222 4480
223 57278
224 8877
225 61212
226 46198
227 50171
228 59736
229 63198
230 26535
231 37910
232 27637
233 32441
234 56113
235 1840
236 45025
237 23059
238 26159
239 6655
240 13594
241 33903
242 51330
243 15795
244 51823
245 3125
246 33610
247 49776
248 33488
249 56500
250 45481
251 53276
252 4699
253 43777
254 23888
255 11851
256 40932
257 9374
258 47089
259 57490
260 21430
261 31598
262 48683
263 22798
264 39660
265 57284
266 25258
267 29529
268 28393
269 48876
270 33002
271 36288
272 19059
273 14478
274 29226
275 9177
276 59993
277 60819
278 22794
279 20022
280 39988
281 4682
282 26658
283 33252
284 3008
285 20567
286 5088
287 43599
288 10853
289 26510
290 46664
291 25477
292 40264
293 27515
294 30923
295 17118
296 32557
297 17028
298 46451
299 1828
300 32242
