# prime 64919 300
# engine av12453_gemm_split storage u16 threads 8 prune 1
0 1
1 1
2 2
3 6
4 24
5 119
6 694
7 4581
8 33286
9 1251
10 32071
11 31791
12 47029
13 34478
14 40513
15 40543
16 45164
17 63925
18 20771
19 36933
20 18972
21 22233
22 21035
23 43957
24 59875
25 56709
26 16763
27 57084
28 6275
29 40084
30 62311
31 27094
32 33909
33 1547
34 1885
35 14375
36 2178
37 42224
38 40654
39 64521
40 4752
41 33946
42 6574
43 6544
44 49681
45 63783
46 20358
47 49710
48 30689
49 3248
50 31596
51 24932
52 25693
53 22161
54 41809
55 15551
56 31769
57 23520
58 55073
59 22513
60 58501
61 37914
62 39444
63 35215
64 63322
65 39896
66 18009
67 38128
68 44445
69 13796
70 37681
71 19955
72 16395
73 33334
74 33252
75 40812
76 13588
77 61499
78 50326
79 19484
80 52718
81 6489
82 28774
83 38751
84 58150
85 12771
86 48094
87 56510
88 12645
89 60789
90 13208
91 22152
92 33923
93 51884
94 44883
95 14422
96 27950
97 53042
98 46345
99 26402
100 33862
101 43645
102 37825
103 42953
104 794
105 64392
106 6119
107 44294
108 33887
109 33949
110 59890
111 62044
112 13226
113 57054
114 43500
115 5739
116 33292
117 28092
118 51829
119 29620
120 46803
121 21283
122 60761
123 11954
124 18458
125 24791
126 39266
127 28177
128 52107
129 61827
130 46574
131 4297
132 48171
133 21578
134 60075
135 49767
136 11353
137 52440
138 32976
139 38594
140 45748
141 1185
142 35403
143 63275
144 28101
145 39891
146 40396
147 27967
148 5686
149 5306
150 5004
151 39409
152 10620
153 32089
154 50018
155 10755
156 1533
157 23016
158 3008
159 27480
160 25881
161 4821
162 46744
163 43724
164 16689
165 17214
166 26503
167 48894
168 50494
169 64
170 28434
171 7826
172 7238
173 15663
174 11650
175 24376
176 49873
177 20845
178 28960
179 11828
180 59993
181 15127
182 14269
183 37009
184 16370
185 3513
186 59017
187 10679
188 22767
189 20314
190 36918
191 5201
192 52105
193 13107
194 4261
195 37968
196 14496
197 22137
198 57971
199 14031
200 19079
201 24076
202 11406
203 55463
204 52668
205 59178
206 7626
207 41548
208 35809
209 36117
210 1450
211 35755
212 32561
213 51863
214 7237
215 7702
216 60740
217 37221
218 55443
219 35235
220 5579
221 41126
222 39882
223 24706
224 1884
225 5933
226 60741
227 54326
228 62664
229 1856
230 250
231 54453
232 41932
233 18669
234 2142
235 25217
236 48887
237 22711
238 57225
239 47566
240 19482
241 41952
242 17785
243 16647
244 44599
245 28591
246 21713
247 49458
248 52496
249 9096
250 49429
251 64633
252 9507
253 17671
254 17868
255 59844
256 5652
257 64784
258 58739
259 55046
260 37884
261 25403
262 19508
263 14384
264 46634
265 35167
266 51054
267 40924
268 52234
269 14738
270 1373
271 18970
272 34818
273 7926
274 60397
275 36513
276 8915
277 42249
278 9948
279 59110
280 23834
281 30025
282 26812
283 60047
284 29971
285 36176
286 60437
287 761
288 48197
289 40862
290 21115
291 51660
292 32856
293 53795
294 55922
295 50252
296 60067
297 25117
298 26748
299 4314
300 46682
