# prime 64927 300
# engine av12453_gemm_split storage u16 threads 8 prune 1
0 1
1 1
2 2
3 6
4 24
5 119
6 694
7 4581
8 33286
9 1219
10 31807
11 29447
12 25581
13 26155
14 6107
15 46581
16 6700
17 57344
18 52313
19 4346
20 18762
21 17399
22 59078
23 28947
24 62337
25 32673
26 48301
27 39837
28 53222
29 1415
30 45453
31 8181
32 27526
33 56847
34 3783
35 6869
36 42713
37 30186
38 17232
39 54984
40 48445
41 61293
42 56010
43 21336
44 31365
45 45667
46 31320
47 42936
48 53481
49 13999
50 24079
51 17041
52 64140
53 33597
54 56566
55 63071
56 24901
57 20737
58 43116
59 62602
60 62769
61 59685
62 57158
63 15372
64 44864
65 23695
66 44673
67 1634
68 46481
69 17689
70 25237
71 10094
72 19418
73 55004
74 53124
75 39171
76 28175
77 62567
78 11927
79 46662
80 57385
81 35318
82 48504
83 50
84 999
85 50571
86 9735
87 22618
88 4230
89 62320
90 46188
91 11804
92 53401
93 11370
94 17965
95 56783
96 28797
97 6155
98 10873
99 31224
100 34764
101 50199
102 4739
103 25304
104 33858
105 5697
106 34008
107 6060
108 35463
109 43767
110 24793
111 11048
112 55817
113 19786
114 6420
115 58256
116 23317
117 681
118 2788
119 7688
120 11594
121 49138
122 12063
123 49202
124 22527
125 53279
126 45621
127 52401
128 64378
129 39341
130 52539
131 54024
132 39667
133 21992
134 20265
135 20857
136 6194
137 19925
138 5712
139 22386
140 37527
141 18944
142 15330
143 40740
144 52566
145 52333
146 17630
147 56707
148 495
149 32711
150 949
151 27706
152 5066
153 36921
154 20361
155 2419
156 38071
157 42592
158 1124
159 32713
160 54473
161 21159
162 54249
163 25962
164 3070
165 38884
166 45484
167 2401
168 27284
169 58752
170 1323
171 58063
172 1075
173 7803
174 22982
175 15221
176 27130
177 23718
178 22122
179 12781
180 59191
181 21639
182 41438
183 52955
184 15657
185 55422
186 29629
187 63403
188 47977
189 63286
190 22084
191 1892
192 5517
193 19784
194 18870
195 43553
196 43624
197 58351
198 52100
199 6066
200 7894
201 23476
202 14468
203 9802
204 21107
205 48764
206 33516
207 28848
208 21748
209 55276
210 3613
211 62016
212 48962
213 49268
214 15666
215 9024
216 47619
217 32292
218 4765
219 1605
220 24078
221 16893
222 60576
223 14582
224 38609
225 36024
226 1024
227 34615
228 16982
229 43367
230 5621
231 52500
232 36160
233 24400
234 22680
235 24281
236 42290
237 7566
238 2695
239 46784
240 54347
241 59773
242 7954
243 11336
244 57031
245 59314
246 6933
247 48255
248 27320
249 30969
250 10387
251 4161
252 31750
253 35238
254 23539
255 21846
256 10991
257 20310
258 61766
259 13747
260 411
261 25289
262 4221
263 44103
264 54839
265 60703
266 50518
267 63906
268 64638
269 58510
270 44330
271 53191
272 40095
273 9519
274 6111
275 54441
276 63557
277 60650
278 3907
279 45449
280 39297
281 27558
282 26512
283 3375
284 62690
285 30690
286 35031
287 33003
288 48201
289 57319
290 42614
291 19916
292 31401
293 55948
294 46706
295 46026
296 60444
297 44474
298 49440
299 15949
300 29234
