# prime 64921 300
# engine av12453_gemm_split storage u16 threads 8 prune 1
0 1
1 1
2 2
3 6
4 24
5 119
6 694
7 4581
8 33286
9 1243
10 32005
11 31205
12 41667
13 48623
14 64327
15 9133
16 30844
17 61739
18 55938
19 13239
20 36186
21 78
22 52224
23 32070
24 63514
25 18408
26 16888
27 17816
28 50364
29 32915
30 25524
31 19195
32 18405
33 34328
34 16719
35 16638
36 34192
37 50703
38 14422
39 61218
40 19573
41 62664
42 1914
43 55286
44 21735
45 26522
46 57791
47 28005
48 11760
49 18801
50 54676
51 64762
52 13724
53 41293
54 38329
55 25793
56 62206
57 32403
58 21386
59 19891
60 17090
61 9428
62 62522
63 52287
64 41869
65 53324
66 46214
67 38588
68 608
69 58700
70 59466
71 34399
72 9568
73 51125
74 24356
75 20205
76 60147
77 17509
78 24905
79 50245
80 4565
81 48790
82 33575
83 20330
84 54347
85 7627
86 30054
87 19897
88 37087
89 62481
90 9141
91 37086
92 37571
93 64360
94 45241
95 38970
96 12952
97 47389
98 34865
99 44786
100 19549
101 59517
102 37091
103 56113
104 26344
105 33328
106 12469
107 39248
108 40437
109 44916
110 8717
111 45168
112 54898
113 56072
114 37957
115 38684
116 60259
117 63874
118 49098
119 27133
120 28812
121 31594
122 51852
123 38184
124 50345
125 28647
126 57099
127 48518
128 57978
129 62896
130 20279
131 50846
132 29376
133 8607
134 59481
135 42271
136 20921
137 39950
138 9057
139 53433
140 42254
141 847
142 54528
143 26964
144 15578
145 16302
146 47713
147 35371
148 14703
149 64616
150 60623
151 42104
152 28136
153 36131
154 38360
155 7097
156 41676
157 54719
158 21382
159 3944
160 10523
161 45703
162 63792
163 21157
164 24666
165 62824
166 22485
167 42928
168 27739
169 27709
170 40637
171 10973
172 14804
173 15765
174 51401
175 44134
176 5724
177 10793
178 40465
179 53656
180 28185
181 45252
182 53449
183 56355
184 64162
185 50821
186 8350
187 28035
188 46448
189 20983
190 23707
191 47523
192 41466
193 31549
194 38884
195 5630
196 58290
197 33236
198 2347
199 29063
200 34031
201 20728
202 23514
203 11637
204 57247
205 31036
206 57671
207 14756
208 60832
209 54357
210 24104
211 27944
212 61618
213 21683
214 31874
215 26938
216 29551
217 36679
218 14689
219 24961
220 15990
221 30905
222 3865
223 15114
224 40831
225 49661
226 1503
227 61480
228 63618
229 2419
230 31836
231 7291
232 40397
233 56041
234 24079
235 38624
236 4852
237 44775
238 60199
239 44881
240 52752
241 62170
242 54459
243 19095
244 33380
245 5064
246 64541
247 23496
248 42069
249 34099
250 50045
251 33608
252 1831
253 11335
254 41469
255 48844
256 4108
257 51536
258 7118
259 17068
260 61972
261 59405
262 42692
263 3126
264 31009
265 13080
266 42440
267 61200
268 5603
269 56523
270 30398
271 49119
272 24464
273 51144
274 63594
275 52611
276 15419
277 39623
278 6322
279 15710
280 50601
281 42680
282 29147
283 1409
284 22998
285 12770
286 36590
287 47993
288 59662
289 21350
290 13873
291 42710
292 37255
293 51338
294 61754
295 30177
296 5720
297 41317
298 38069
299 42117
300 33158
