# prime 64937 300
# engine av12453_gemm_split storage u16 threads 8 prune 1
0 1
1 1
2 2
3 6
4 24
5 119
6 694
7 4581
8 33286
9 1179
10 31477
11 26517
12 63708
13 32053
14 61180
15 28545
16 29180
17 57049
18 5163
19 46007
20 48238
21 30229
22 3831
23 57300
24 36835
25 27687
26 63207
27 30407
28 44407
29 12074
30 31468
31 7558
32 18710
33 17974
34 60967
35 43411
36 61611
37 38142
38 56557
39 59355
40 53183
41 13445
42 318
43 12397
44 31733
45 23222
46 36236
47 53234
48 64097
49 50886
50 56576
51 23880
52 64076
53 57001
54 54660
55 10195
56 28208
57 19174
58 60927
59 38930
60 9120
61 49473
62 34448
63 37968
64 16490
65 32000
66 8412
67 60053
68 40927
69 37183
70 2129
71 57286
72 15306
73 56425
74 58848
75 24226
76 19344
77 23536
78 31684
79 42008
80 60274
81 29300
82 6119
83 64221
84 64318
85 13994
86 22042
87 14510
88 5258
89 23349
90 43422
91 7913
92 4305
93 24016
94 52676
95 37509
96 24463
97 64276
98 25486
99 20263
100 10015
101 36185
102 2250
103 61413
104 4143
105 11033
106 21098
107 19348
108 59450
109 8157
110 22885
111 11041
112 9885
113 25292
114 18004
115 28890
116 16462
117 35493
118 59688
119 34875
120 49980
121 63805
122 45102
123 11952
124 62025
125 37412
126 36125
127 42944
128 59894
129 53811
130 47600
131 3290
132 52251
133 46213
134 39902
135 13327
136 53101
137 26093
138 1188
139 49139
140 26452
141 54820
142 13449
143 41205
144 61587
145 9528
146 18386
147 881
148 62584
149 22225
150 58483
151 35098
152 36037
153 993
154 34672
155 59178
156 42353
157 4575
158 33153
159 11784
160 10148
161 4120
162 13372
163 52515
164 3419
165 61166
166 57937
167 59084
168 21217
169 962
170 90
171 56447
172 411
173 61234
174 22340
175 18162
176 13300
177 48937
178 6223
179 62445
180 5651
181 24983
182 12471
183 18142
184 19519
185 13233
186 23401
187 31080
188 26585
189 47646
190 26393
191 28464
192 38121
193 54072
194 25617
195 11122
196 7189
197 15928
198 26754
199 49123
200 47982
201 3275
202 47856
203 26334
204 44437
205 37413
206 52282
207 7833
208 57512
209 61286
210 23363
211 33257
212 35906
213 52064
214 30554
215 37257
216 36953
217 27674
218 29385
219 7580
220 46416
221 2418
222 18427
223 20019
224 64410
225 32414
226 50849
227 30921
228 62077
229 26377
230 17098
231 40046
232 21977
233 43180
234 58845
235 22926
236 49354
237 34830
238 35633
239 37761
240 26843
241 18131
242 23956
243 30815
244 55411
245 54890
246 20710
247 2237
248 38397
249 48190
250 4795
251 18904
252 4226
253 29454
254 40860
255 53219
256 24507
257 54346
258 17638
259 14609
260 5161
261 48882
262 23586
263 14069
264 12238
265 57415
266 9227
267 20536
268 39358
269 56900
270 64436
271 32718
272 40901
273 53585
274 49561
275 19486
276 63026
277 31456
278 59421
279 63612
280 13836
281 33925
282 5558
283 9084
284 57471
285 31091
286 30381
287 11091
288 9932
289 48275
290 13472
291 43327
292 25717
293 16296
294 20279
295 20165
296 28932
297 28614
298 1682
299 11817
300 30624
