# prime 64951 300
# engine av12453_gemm_split storage u16 threads 8 prune 1
0 1
1 1
2 2
3 6
4 24
5 119
6 694
7 4581
8 33286
9 1123
10 31015
11 22415
12 26188
13 1474
14 35671
15 29120
16 62462
17 5818
18 8378
19 19628
20 54742
21 24009
22 30512
23 18940
24 54871
25 45996
26 14294
27 7848
28 17230
29 5341
30 33883
31 55679
32 43598
33 23043
34 8615
35 51935
36 1382
37 31677
38 22494
39 19799
40 44448
41 53225
42 53890
43 50911
44 55549
45 54019
46 59582
47 62402
48 62082
49 11875
50 36158
51 33145
52 31963
53 53601
54 10934
55 38017
56 7179
57 44631
58 288
59 52569
60 16999
61 25841
62 34389
63 23561
64 55955
65 31691
66 29230
67 43371
68 5735
69 24141
70 20634
71 22180
72 29350
73 28226
74 15741
75 54807
76 19497
77 39558
78 42697
79 60377
80 485
81 10981
82 20158
83 7110
84 36352
85 7229
86 57912
87 28486
88 52172
89 2632
90 54230
91 24161
92 38103
93 62220
94 49389
95 46208
96 49004
97 47746
98 13544
99 37269
100 52989
101 29860
102 6243
103 62848
104 18345
105 25813
106 5996
107 48473
108 7112
109 11710
110 47475
111 45422
112 49077
113 21537
114 4658
115 49343
116 1538
117 28440
118 42811
119 48135
120 25881
121 9964
122 25569
123 42744
124 11800
125 35539
126 23734
127 25066
128 8578
129 13763
130 35942
131 28778
132 36237
133 18596
134 59378
135 3968
136 58917
137 30696
138 14176
139 28147
140 47386
141 50589
142 10542
143 39437
144 36957
145 63139
146 46993
147 37425
148 27854
149 26471
150 61754
151 40843
152 5428
153 25110
154 39994
155 56822
156 45891
157 35108
158 27318
159 20710
160 9034
161 54845
162 39211
163 1347
164 3116
165 51576
166 37152
167 19763
168 7463
169 31981
170 19764
171 26113
172 49410
173 1268
174 2137
175 23256
176 58430
177 48925
178 2522
179 48721
180 11732
181 56968
182 17696
183 39384
184 1595
185 7504
186 446
187 11537
188 53459
189 8605
190 59940
191 59611
192 7339
193 16034
194 48160
195 45931
196 60288
197 21038
198 5873
199 63889
200 32645
201 45857
202 1780
203 35046
204 43418
205 50302
206 45560
207 19052
208 44794
209 8193
210 51672
211 40337
212 40963
213 57054
214 8116
215 33175
216 13403
217 24181
218 3205
219 5246
220 1504
221 13205
222 42834
223 42714
224 17261
225 27273
226 49015
227 39129
228 15364
229 5799
230 36478
231 36138
232 4258
233 28007
234 5329
235 60879
236 64230
237 9544
238 36884
239 14200
240 46294
241 35631
242 31529
243 32410
244 34589
245 11941
246 60527
247 4664
248 480
249 46587
250 27568
251 57547
252 46730
253 18768
254 30347
255 28389
256 34987
257 4299
258 43192
259 28385
260 18427
261 60923
262 26594
263 21089
264 21932
265 12157
266 56723
267 9886
268 46812
269 39262
270 38115
271 63170
272 34583
273 46038
274 13579
275 51625
276 14571
277 42034
278 38195
279 36049
280 58433
281 55075
282 48296
283 47308
284 16781
285 30634
286 44248
287 27874
288 47097
289 48045
290 59559
291 33984
292 55935
293 13563
294 32368
295 12753
296 53214
297 54078
298 10767
299 41001
300 11188
