# prime 64969 300
# engine av12453_gemm_split storage u16 threads 8 prune 1
0 1
1 1
2 2
3 6
4 24
5 119
6 694
7 4581
8 33286
9 1051
10 30421
11 17141
12 42917
13 64458
14 60742
15 61152
16 43243
17 46156
18 50014
19 2001
20 29121
21 52290
22 8308
23 17100
24 40133
25 36664
26 42060
27 14018
28 8291
29 61530
30 14600
31 9959
32 39789
33 58449
34 33852
35 63862
36 26109
37 50918
38 51292
39 43718
40 43383
41 11054
42 37015
43 64526
44 4544
45 53051
46 63391
47 26449
48 27533
49 59382
50 24875
51 10539
52 12037
53 41440
54 14509
55 8495
56 43845
57 64092
58 26573
59 52306
60 19229
61 24013
62 25339
63 19699
64 52440
65 37735
66 31899
67 15283
68 60661
69 18105
70 30061
71 6462
72 62842
73 64659
74 51457
75 27753
76 44463
77 34836
78 32813
79 25532
80 25599
81 54525
82 41870
83 59760
84 39246
85 34394
86 25076
87 59592
88 13954
89 60529
90 54224
91 48241
92 23410
93 60166
94 44609
95 29481
96 14264
97 49740
98 48541
99 36483
100 1530
101 24097
102 26002
103 11678
104 32375
105 39633
106 8423
107 36186
108 58644
109 43266
110 27182
111 7302
112 17674
113 58798
114 6569
115 35925
116 44326
117 57050
118 58808
119 27859
120 13316
121 2925
122 57355
123 52192
124 39676
125 25054
126 44918
127 13735
128 11279
129 44512
130 58295
131 44953
132 35506
133 50582
134 28106
135 3347
136 23325
137 6325
138 20965
139 52420
140 42681
141 62127
142 39707
143 37178
144 566
145 34483
146 19888
147 4475
148 58668
149 11330
150 50818
151 25070
152 25034
153 53772
154 17137
155 63105
156 3066
157 13753
158 39526
159 1941
160 61299
161 37
162 15363
163 47528
164 43586
165 8711
166 14994
167 34621
168 22611
169 5873
170 10151
171 34049
172 31103
173 18830
174 14312
175 57403
176 16025
177 23506
178 62891
179 35793
180 813
181 39788
182 21152
183 49431
184 55775
185 35142
186 58978
187 38107
188 57413
189 38540
190 47648
191 5546
192 34295
193 20022
194 12945
195 8239
196 53680
197 37015
198 8877
199 17806
200 44609
201 33665
202 53115
203 42079
204 51858
205 49086
206 47586
207 55079
208 33051
209 58845
210 7017
211 57280
212 35982
213 21519
214 43337
215 64164
216 24836
217 26113
218 38980
219 50113
220 36231
221 41359
222 38335
223 57026
224 3029
225 43701
226 52798
227 9720
228 8614
229 47550
230 14224
231 40043
232 25381
233 61131
234 17198
235 44149
236 37566
237 49253
238 61250
239 6026
240 42522
241 51707
242 2697
243 33472
244 16500
245 9713
246 23215
247 45438
248 31464
249 9805
250 62535
251 21441
252 4917
253 35188
254 40920
255 36586
256 48899
257 35976
258 48088
259 14352
260 41441
261 56258
262 56272
263 11741
264 44731
265 17056
266 8117
267 46525
268 59353
269 44824
270 15380
271 62555
272 2006
273 7780
274 64700
275 26075
276 48293
277 22757
278 63189
279 5545
280 39618
281 16603
282 25621
283 56771
284 10930
285 59957
286 37037
287 60300
288 15816
289 1385
290 62162
291 13079
292 28615
293 33754
294 5337
295 12800
296 29836
297 51583
298 38785
299 38312
300 58141
