# prime 64997 300
# engine av12453_gemm_split storage u16 threads 8 prune 1
0 1
1 1
2 2
3 6
4 24
5 119
6 694
7 4581
8 33286
9 939
10 29497
11 8937
12 32902
13 4124
14 18016
15 15772
16 55541
17 57374
18 35720
19 38776
20 55098
21 20828
22 1836
23 23932
24 42400
25 41317
26 21200
27 53114
28 20785
29 61703
30 132
31 6219
32 44982
33 42042
34 58044
35 11132
36 185
37 105
38 41461
39 1006
40 49546
41 48155
42 1450
43 26514
44 53781
45 49688
46 41434
47 5099
48 56201
49 23939
50 63105
51 35491
52 5635
53 9808
54 2028
55 20857
56 2720
57 22297
58 32042
59 61373
60 32696
61 18223
62 21344
63 22047
64 64582
65 37210
66 29924
67 50530
68 50160
69 56074
70 53432
71 51494
72 12379
73 46243
74 21560
75 38338
76 38931
77 41375
78 39310
79 22187
80 40113
81 38557
82 38001
83 11490
84 7413
85 5817
86 55781
87 792
88 14748
89 3061
90 10476
91 27851
92 9824
93 22462
94 33025
95 13857
96 10199
97 57422
98 1803
99 18553
100 11146
101 41112
102 24310
103 3546
104 58021
105 34884
106 60759
107 45647
108 18008
109 12267
110 41836
111 18735
112 34908
113 52689
114 64630
115 55352
116 49102
117 41596
118 38322
119 62337
120 7182
121 56511
122 58481
123 26275
124 23048
125 34411
126 29065
127 39200
128 905
129 22969
130 50824
131 24306
132 29103
133 35548
134 22156
135 52502
136 45669
137 30345
138 8519
139 32840
140 28238
141 12031
142 62067
143 23236
144 28419
145 20856
146 63077
147 4115
148 6808
149 62512
150 25184
151 34310
152 7601
153 35783
154 48600
155 26819
156 61860
157 15104
158 54403
159 6954
160 27013
161 41239
162 47035
163 32740
164 8155
165 32961
166 47235
167 14773
168 52316
169 36468
170 63939
171 37759
172 48602
173 27362
174 2598
175 13667
176 19159
177 12052
178 11283
179 25368
180 25198
181 5599
182 57540
183 34241
184 20772
185 4862
186 13467
187 33758
188 11640
189 27494
190 23654
191 52194
192 16718
193 4996
194 28894
195 34224
196 61949
197 49331
198 49827
199 48987
200 56140
201 36894
202 13599
203 662
204 2126
205 15917
206 46160
207 47308
208 16909
209 2138
210 64456
211 27251
212 55997
213 9143
214 51904
215 16317
216 58464
217 50544
218 11224
219 30437
220 10778
221 46298
222 59262
223 38954
224 15723
225 59429
226 21802
227 3456
228 58804
229 49549
230 24624
231 7530
232 27806
233 60817
234 49629
235 4808
236 55780
237 41900
238 56776
239 11507
240 20572
241 58420
242 62358
243 23430
244 59600
245 56289
246 53971
247 4191
248 47163
249 61664
250 6434
251 5501
252 27567
253 61251
254 18602
255 10916
256 11038
257 37302
258 49090
259 55583
260 7125
261 63495
262 44761
263 7842
264 26441
265 21613
266 59257
267 21005
268 48090
269 34099
270 34419
271 1855
272 187
273 23315
274 60446
275 27151
276 14981
277 25619
278 35954
279 32292
280 45414
281 33719
282 23449
283 56928
284 5838
285 10966
286 62804
287 34208
288 27125
289 18579
290 17052
291 62305
292 27928
293 41879
294 52217
295 14781
296 27551
297 48609
298 22076
299 13618
300 28441
