# prime 65003 300
# engine av12453_gemm_split storage u16 threads 8 prune 1
0 1
1 1
2 2
3 6
4 24
5 119
6 694
7 4581
8 33286
9 915
10 29299
11 7179
12 16834
13 46985
14 28205
15 23115
16 63724
17 22275
18 28072
19 32022
20 43874
21 52435
22 64865
23 48261
24 34577
25 5544
26 24013
27 53563
28 58053
29 3659
30 10654
31 12298
32 33029
33 41410
34 35066
35 28330
36 46300
37 21480
38 60662
39 47465
40 37154
41 26009
42 56526
43 26957
44 61438
45 49200
46 55342
47 64536
48 62150
49 23814
50 5015
51 29092
52 62123
53 128
54 36526
55 43241
56 49172
57 64390
58 44299
59 32118
60 31794
61 62731
62 7810
63 45806
64 64325
65 11602
66 15732
67 19565
68 59647
69 43967
70 4523
71 34887
72 14165
73 10430
74 56526
75 37563
76 21943
77 60938
78 55887
79 10746
80 21076
81 8672
82 60889
83 34254
84 11839
85 42673
86 45593
87 42486
88 3956
89 60628
90 58584
91 62614
92 30041
93 61337
94 63736
95 31387
96 25979
97 16030
98 9105
99 3579
100 12359
101 28843
102 55779
103 38309
104 63124
105 31264
106 24682
107 14137
108 24819
109 58692
110 23256
111 50561
112 61807
113 22335
114 24136
115 15842
116 4079
117 44917
118 16697
119 42888
120 33413
121 4367
122 20767
123 27312
124 55488
125 33855
126 43232
127 17540
128 52473
129 4515
130 23490
131 59258
132 29763
133 34429
134 9486
135 34213
136 3167
137 16386
138 28800
139 4286
140 2309
141 6314
142 30939
143 37984
144 16309
145 14605
146 61672
147 41262
148 14119
149 7475
150 34710
151 17975
152 51183
153 45479
154 40551
155 49852
156 31100
157 9471
158 29053
159 26211
160 49888
161 27804
162 35297
163 13936
164 1967
165 21279
166 11180
167 23886
168 12878
169 20021
170 34299
171 53606
172 1722
173 12735
174 21998
175 64941
176 31476
177 5149
178 39877
179 59189
180 62868
181 38497
182 23144
183 44448
184 2372
185 36764
186 34704
187 52683
188 35654
189 6622
190 52552
191 28323
192 12252
193 47209
194 8596
195 31012
196 62746
197 209
198 57949
199 40568
200 28900
201 24484
202 16407
203 28653
204 56020
205 32243
206 20650
207 38309
208 51085
209 56539
210 9917
211 55547
212 16429
213 21812
214 41765
215 32616
216 9239
217 55016
218 48536
219 63044
220 20452
221 17475
222 30152
223 5529
224 20177
225 27584
226 45954
227 12306
228 3038
229 34144
230 36973
231 36586
232 61999
233 48668
234 59575
235 59925
236 6254
237 56371
238 34557
239 19022
240 61700
241 34980
242 28588
243 55842
244 12417
245 44238
246 47172
247 25459
248 22773
249 7765
250 58020
251 58126
252 18005
253 28870
254 14394
255 14475
256 57939
257 41452
258 5107
259 51351
260 11227
261 22241
262 51911
263 55437
264 31569
265 35987
266 821
267 2536
268 46254
269 33303
270 50512
271 43830
272 48917
273 49988
274 5121
275 21812
276 13270
277 62355
278 53338
279 48894
280 34094
281 34834
282 41485
283 22641
284 2726
285 40685
286 30608
287 41482
288 60394
289 11264
290 5246
291 19472
292 36539
293 49808
294 29739
295 58866
296 45713
297 62526
298 63600
299 34408
300 22441
