# prime 65011 300
# engine av12453_gemm_split storage u16 threads 8 prune 1
0 1
1 1
2 2
3 6
4 24
5 119
6 694
7 4581
8 33286
9 883
10 29035
11 4835
12 60421
13 39178
14 63890
15 15510
16 31764
17 467
18 4550
19 34326
20 64710
21 2871
22 51744
23 10436
24 57134
25 26326
26 42313
27 13014
28 3922
29 53860
30 11409
31 42705
32 13325
33 36556
34 28734
35 36385
36 8920
37 4618
38 39917
39 8658
40 41766
41 23061
42 36281
43 46769
44 31588
45 18225
46 24785
47 33905
48 31162
49 34243
50 49616
51 44052
52 9397
53 28436
54 45023
55 57580
56 40353
57 34192
58 20218
59 39597
60 32595
61 55573
62 27008
63 22863
64 38014
65 50972
66 58497
67 7614
68 21687
69 10899
70 5114
71 54693
72 30966
73 42418
74 58176
75 47074
76 60498
77 45225
78 12564
79 32556
80 47662
81 41728
82 23334
83 45182
84 53587
85 51524
86 56997
87 3011
88 64173
89 48477
90 49693
91 37350
92 17070
93 54823
94 6385
95 2892
96 38108
97 52366
98 51129
99 20986
100 61326
101 24539
102 8102
103 55721
104 17344
105 64359
106 12550
107 14806
108 45593
109 7093
110 58331
111 36087
112 46223
113 29742
114 8867
115 40520
116 60032
117 33047
118 16696
119 34176
120 26987
121 61484
122 63761
123 20428
124 47819
125 59295
126 26313
127 25814
128 22033
129 50661
130 16662
131 30815
132 14277
133 19996
134 37785
135 38839
136 53178
137 48535
138 11991
139 50619
140 34128
141 30171
142 29605
143 19431
144 49717
145 12466
146 42895
147 19349
148 62471
149 30839
150 828
151 29292
152 44349
153 3690
154 57741
155 12897
156 24908
157 43505
158 17141
159 57223
160 14455
161 13765
162 13152
163 7226
164 54297
165 47327
166 63645
167 40439
168 64736
169 57922
170 33307
171 55802
172 28642
173 52933
174 13153
175 31780
176 9594
177 37080
178 57502
179 6798
180 17387
181 14612
182 58351
183 22856
184 62712
185 47945
186 10326
187 21454
188 43974
189 10994
190 58224
191 12424
192 13000
193 50585
194 23962
195 31010
196 21705
197 35234
198 37355
199 64718
200 31122
201 18691
202 18187
203 17572
204 28800
205 36480
206 12021
207 58704
208 60698
209 16012
210 29006
211 36175
212 42963
213 36645
214 27808
215 23700
216 58633
217 13689
218 22471
219 37833
220 63618
221 31671
222 4715
223 53560
224 29728
225 22230
226 53293
227 16154
228 23010
229 24375
230 53538
231 39225
232 17528
233 51311
234 17395
235 11996
236 30886
237 40624
238 15189
239 50349
240 38477
241 57240
242 7823
243 14022
244 58816
245 38052
246 38831
247 22992
248 46942
249 4831
250 22178
251 15581
252 37623
253 49220
254 1547
255 15909
256 49572
257 49056
258 40319
259 22723
260 50222
261 5124
262 103
263 43444
264 19228
265 16939
266 14100
267 36869
268 40989
269 41152
270 58486
271 21452
272 37094
273 22200
274 58317
275 48251
276 38900
277 603
278 8892
279 40870
280 54680
281 18025
282 49594
283 53032
284 32052
285 38269
286 34304
287 22079
288 61411
289 39466
290 53467
291 49
292 51348
293 46479
294 1314
295 45151
296 3195
297 13222
298 4400
299 12890
300 49719
