# prime 65029 300
# engine av12453_gemm_split storage u16 threads 8 prune 1
0 1
1 1
2 2
3 6
4 24
5 119
6 694
7 4581
8 33286
9 811
10 28441
11 64590
12 12235
13 38045
14 32194
15 65013
16 12784
17 45643
18 34512
19 15172
20 60155
21 17417
22 31828
23 43441
24 15186
25 57761
26 9888
27 28805
28 46315
29 57765
30 25487
31 55809
32 59818
33 59493
34 43940
35 2284
36 28377
37 23189
38 12287
39 44398
40 2083
41 28134
42 55648
43 42662
44 44073
45 19243
46 39880
47 23880
48 44766
49 47578
50 36475
51 53919
52 13790
53 40381
54 1625
55 7529
56 7463
57 20303
58 32930
59 681
60 62635
61 17832
62 15022
63 14767
64 42905
65 10997
66 820
67 42549
68 56090
69 22612
70 59188
71 14139
72 36192
73 42890
74 5574
75 44715
76 43665
77 9109
78 39955
79 46206
80 29181
81 14729
82 57194
83 9490
84 17763
85 47389
86 25781
87 64830
88 24052
89 60872
90 21313
91 47488
92 34481
93 35777
94 4723
95 10949
96 61628
97 28044
98 62455
99 13657
100 13949
101 33715
102 18420
103 39160
104 39045
105 31054
106 53013
107 53708
108 23700
109 52224
110 402
111 62734
112 17807
113 5611
114 253
115 58551
116 37262
117 51095
118 42138
119 28946
120 11437
121 4902
122 33587
123 6717
124 57058
125 49700
126 35903
127 50262
128 37891
129 54801
130 54526
131 36067
132 57905
133 52324
134 55633
135 21135
136 14336
137 62053
138 1472
139 23239
140 31915
141 22631
142 62871
143 46149
144 35838
145 730
146 42908
147 53472
148 5713
149 24297
150 44275
151 48539
152 11175
153 26575
154 30764
155 25366
156 48695
157 24115
158 14746
159 53802
160 40225
161 55983
162 41951
163 4086
164 12739
165 56633
166 63496
167 18314
168 38220
169 20509
170 49465
171 17548
172 59505
173 53501
174 18298
175 56409
176 2510
177 58286
178 9714
179 3435
180 57198
181 15791
182 14638
183 4918
184 32237
185 53291
186 37670
187 43687
188 60304
189 60571
190 7121
191 6551
192 62161
193 2975
194 28242
195 63532
196 38411
197 41603
198 58009
199 52294
200 31637
201 49404
202 8885
203 39894
204 4224
205 60219
206 47309
207 2346
208 2179
209 28053
210 17429
211 50405
212 10787
213 38045
214 20402
215 41772
216 3875
217 23928
218 50375
219 11352
220 31853
221 22733
222 46908
223 22684
224 15813
225 42806
226 10962
227 6778
228 53968
229 21475
230 21967
231 7456
232 55498
233 9965
234 6052
235 34024
236 51910
237 28749
238 22783
239 42
240 36545
241 32607
242 48606
243 59007
244 50881
245 38934
246 39914
247 21193
248 15543
249 27134
250 6075
251 45238
252 20265
253 23128
254 11989
255 57985
256 48509
257 49140
258 12176
259 29103
260 41909
261 12476
262 12072
263 57185
264 56501
265 56894
266 63206
267 46142
268 46212
269 39442
270 48472
271 11672
272 54307
273 17240
274 36670
275 12791
276 25066
277 20047
278 57085
279 48574
280 57789
281 17459
282 47125
283 46506
284 25315
285 40981
286 31584
287 3182
288 46631
289 40542
290 39272
291 42510
292 45284
293 9264
294 3840
295 21824
296 10807
297 51254
298 45603
299 12208
300 12007
