# prime 65027 300
# engine av12453_gemm_split storage u16 threads 8 prune 1
0 1
1 1
2 2
3 6
4 24
5 119
6 694
7 4581
8 33286
9 819
10 28507
11 147
12 17589
13 23708
14 6694
15 14940
16 52961
17 32558
18 52706
19 31210
20 43737
21 47194
22 34955
23 50216
24 44223
25 15043
26 17377
27 24213
28 36178
29 38490
30 30146
31 56675
32 62544
33 13529
34 26047
35 20167
36 11706
37 24955
38 21511
39 11305
40 31175
41 4792
42 36074
43 57855
44 29351
45 21744
46 4877
47 5126
48 42032
49 62498
50 35994
51 23064
52 46809
53 46707
54 52075
55 26346
56 21078
57 64221
58 57435
59 37061
60 52281
61 44832
62 43477
63 47903
64 51703
65 8905
66 15101
67 13627
68 39735
69 5801
70 51814
71 5616
72 28546
73 5871
74 59916
75 36910
76 28630
77 33084
78 1490
79 21876
80 24814
81 3726
82 59027
83 42236
84 20567
85 59979
86 40702
87 63271
88 36500
89 37168
90 63383
91 15955
92 2980
93 26398
94 267
95 13021
96 37163
97 44941
98 24571
99 27213
100 13061
101 53531
102 16726
103 62181
104 5813
105 17917
106 8539
107 12831
108 26373
109 56423
110 1675
111 56303
112 10749
113 62588
114 41837
115 60197
116 22609
117 59115
118 60016
119 48120
120 9951
121 1314
122 32786
123 22761
124 4486
125 60616
126 33999
127 6601
128 60379
129 30287
130 1956
131 18790
132 50558
133 52563
134 61513
135 8898
136 50869
137 45902
138 27758
139 44307
140 866
141 55503
142 38010
143 34089
144 356
145 27107
146 38235
147 37598
148 38883
149 9248
150 19752
151 35489
152 15905
153 2787
154 8319
155 53504
156 58197
157 21821
158 55274
159 22095
160 25572
161 63021
162 56765
163 54778
164 43674
165 16447
166 13444
167 31739
168 42578
169 53362
170 33836
171 40286
172 35133
173 6569
174 7811
175 37648
176 15189
177 56877
178 63550
179 8556
180 46625
181 4566
182 27970
183 16106
184 48306
185 64723
186 30474
187 47024
188 44641
189 58680
190 49208
191 32309
192 33930
193 51537
194 13066
195 32886
196 40841
197 10281
198 28952
199 44836
200 39303
201 57892
202 20391
203 62700
204 4124
205 22098
206 11460
207 44141
208 21411
209 52070
210 40849
211 63407
212 45905
213 5779
214 4348
215 39096
216 45648
217 36715
218 23355
219 5053
220 56741
221 1222
222 29989
223 13682
224 40989
225 38759
226 50870
227 14158
228 3097
229 12879
230 21047
231 48212
232 3064
233 22628
234 44611
235 29092
236 25962
237 58748
238 19812
239 51541
240 11872
241 28877
242 45462
243 34075
244 25026
245 51431
246 23028
247 52838
248 29356
249 57291
250 302
251 59011
252 3838
253 50942
254 42656
255 24147
256 48038
257 31376
258 12837
259 35609
260 34961
261 1288
262 52826
263 29077
264 4823
265 26170
266 3568
267 14985
268 25343
269 11501
270 25294
271 46941
272 36865
273 58892
274 63539
275 29670
276 36931
277 36009
278 59692
279 16571
280 362
281 29163
282 55032
283 7480
284 29186
285 59396
286 16322
287 46043
288 43568
289 37988
290 55617
291 58319
292 60768
293 25500
294 23416
295 60211
296 7140
297 6668
298 63736
299 15349
300 1609
