# prime 65033 300
# engine av12453_gemm_split storage u16 threads 8 prune 1
0 1
1 1
2 2
3 6
4 24
5 119
6 694
7 4581
8 33286
9 795
10 28309
11 63422
12 1527
13 1698
14 18257
15 36017
16 6835
17 39895
18 3300
19 55539
20 25653
21 13004
22 17803
23 13942
24 5323
25 14064
26 7851
27 24848
28 50485
29 42269
30 27855
31 61378
32 44672
33 60355
34 16061
35 16798
36 30053
37 9407
38 3228
39 8300
40 41751
41 18438
42 45846
43 29693
44 32782
45 2134
46 51442
47 19572
48 17709
49 17927
50 60526
51 61429
52 48749
53 1888
54 11820
55 55322
56 58152
57 39345
58 52482
59 12087
60 38433
61 30026
62 51102
63 27882
64 15903
65 6812
66 50285
67 47754
68 26516
69 26332
70 17401
71 26966
72 42286
73 36139
74 9544
75 29817
76 51284
77 17158
78 10580
79 49744
80 56347
81 31511
82 12177
83 56386
84 18228
85 14832
86 11440
87 52372
88 63809
89 12456
90 27918
91 58937
92 24150
93 64028
94 32646
95 43772
96 35116
97 9868
98 12870
99 44973
100 37387
101 37211
102 30376
103 20404
104 57920
105 21844
106 57140
107 1881
108 13944
109 25398
110 30677
111 42556
112 9315
113 47930
114 18386
115 36203
116 64690
117 58314
118 56129
119 12476
120 44590
121 34181
122 29652
123 49869
124 27399
125 18371
126 55127
127 40793
128 41571
129 47467
130 60431
131 48641
132 43127
133 56333
134 19214
135 27646
136 12565
137 4140
138 46851
139 4103
140 53001
141 41452
142 13897
143 7791
144 62653
145 45248
146 47279
147 27662
148 63258
149 36201
150 25361
151 18711
152 53807
153 49765
154 49651
155 27718
156 30696
157 1297
158 25022
159 20177
160 28356
161 62537
162 7546
163 3816
164 14400
165 64106
166 60404
167 29600
168 59944
169 56792
170 29583
171 63866
172 13854
173 4664
174 6919
175 36198
176 3527
177 22984
178 57786
179 32385
180 42739
181 33376
182 22031
183 61188
184 5293
185 24947
186 25246
187 38064
188 1793
189 3007
190 2860
191 44048
192 9616
193 49045
194 16252
195 38951
196 12798
197 41299
198 47384
199 22688
200 49179
201 53777
202 32305
203 21325
204 58078
205 16958
206 15230
207 26464
208 15120
209 27505
210 64240
211 52913
212 13739
213 10127
214 50244
215 56119
216 13524
217 50167
218 30296
219 47892
220 29845
221 14183
222 53691
223 62266
224 49583
225 18076
226 2086
227 36464
228 36388
229 45739
230 15358
231 40511
232 57477
233 33619
234 28185
235 16907
236 10450
237 57253
238 44672
239 61251
240 61250
241 27687
242 32852
243 6670
244 21396
245 1368
246 59802
247 12939
248 14718
249 62553
250 51969
251 15305
252 55609
253 57754
254 49505
255 45497
256 10544
257 11559
258 52909
259 50404
260 49719
261 41237
262 54121
263 60749
264 47237
265 24743
266 12760
267 49267
268 18789
269 24003
270 36276
271 59550
272 4377
273 46761
274 27848
275 40440
276 20771
277 8182
278 55377
279 61792
280 43767
281 53494
282 59032
283 46146
284 31496
285 3711
286 59814
287 31304
288 15781
289 27499
290 32417
291 35028
292 15659
293 47907
294 28621
295 55645
296 13594
297 51338
298 37196
299 53133
300 47612
