# prime 65053 300
# engine av12453_gemm_split storage u16 threads 8 prune 1
0 1
1 1
2 2
3 6
4 24
5 119
6 694
7 4581
8 33286
9 715
10 27649
11 57582
12 13040
13 15242
14 15425
15 39383
16 34544
17 22285
18 7493
19 55002
20 48170
21 38521
22 62084
23 29103
24 64193
25 34134
26 64938
27 24595
28 48846
29 6343
30 37833
31 52785
32 39258
33 19563
34 57326
35 62232
36 39405
37 28613
38 9481
39 40942
40 11124
41 16408
42 48317
43 31884
44 52525
45 50169
46 14597
47 23346
48 51185
49 2585
50 53908
51 40215
52 25652
53 36087
54 63607
55 62410
56 24401
57 9999
58 8512
59 46070
60 27703
61 49954
62 50609
63 14450
64 31021
65 766
66 52804
67 47036
68 23512
69 25614
70 36231
71 8593
72 56029
73 55184
74 14295
75 64121
76 45596
77 34558
78 58466
79 575
80 61810
81 4781
82 912
83 23697
84 28731
85 55590
86 42427
87 325
88 19329
89 28653
90 48501
91 10523
92 4951
93 18737
94 18033
95 46903
96 54900
97 12258
98 64655
99 46130
100 54109
101 17110
102 11447
103 29489
104 60088
105 57509
106 30039
107 28555
108 58042
109 9807
110 28187
111 39365
112 10133
113 63269
114 5510
115 14959
116 21544
117 10309
118 62578
119 20822
120 24339
121 38178
122 60489
123 22459
124 49451
125 49852
126 64001
127 30689
128 25475
129 54276
130 41838
131 42129
132 32562
133 30980
134 19517
135 53964
136 33123
137 27048
138 44875
139 1221
140 20954
141 22723
142 37288
143 23784
144 29292
145 47945
146 37325
147 14752
148 51063
149 16890
150 54043
151 39568
152 18064
153 56247
154 5540
155 48068
156 8858
157 51365
158 19956
159 44833
160 42846
161 32755
162 4537
163 52326
164 24633
165 36876
166 57790
167 28774
168 43773
169 57974
170 3802
171 41319
172 23130
173 28285
174 45011
175 59918
176 64824
177 28033
178 45356
179 62753
180 44639
181 4438
182 50110
183 23969
184 23487
185 1975
186 8378
187 31466
188 28312
189 48078
190 63250
191 24667
192 842
193 60957
194 30221
195 6113
196 55716
197 63837
198 2410
199 11510
200 10856
201 34193
202 54903
203 28423
204 24935
205 29111
206 21353
207 19562
208 37110
209 61586
210 50521
211 1846
212 13183
213 31770
214 59224
215 56834
216 11352
217 188
218 45883
219 55881
220 12563
221 26939
222 26727
223 14120
224 45962
225 50335
226 22557
227 50043
228 64118
229 25706
230 12682
231 48721
232 38397
233 61038
234 63960
235 7421
236 1748
237 52807
238 47608
239 26505
240 39819
241 62056
242 37876
243 110
244 20446
245 39486
246 25242
247 44937
248 31475
249 50077
250 24046
251 33927
252 28889
253 6605
254 50170
255 27199
256 32875
257 37120
258 1437
259 53577
260 26237
261 2251
262 16768
263 55024
264 57265
265 28510
266 27738
267 5993
268 26323
269 27255
270 43932
271 29532
272 46760
273 32177
274 21105
275 28771
276 35688
277 1950
278 54669
279 41881
280 60851
281 53269
282 62665
283 49229
284 55289
285 25487
286 37137
287 51181
288 63010
289 30318
290 12026
291 45217
292 3458
293 58495
294 35738
295 59676
296 24413
297 11035
298 61156
299 6060
300 57108
