# prime 65063 300
# engine av12453_gemm_split storage u16 threads 8 prune 1
0 1
1 1
2 2
3 6
4 24
5 119
6 694
7 4581
8 33286
9 675
10 27319
11 54662
12 51343
13 22134
14 15149
15 52496
16 2936
17 3533
18 29773
19 49405
20 27462
21 61407
22 34925
23 48851
24 47924
25 32064
26 59492
27 8378
28 30853
29 5481
30 43076
31 53921
32 21596
33 16467
34 24668
35 25802
36 55187
37 46028
38 59207
39 25994
40 59850
41 29242
42 7541
43 55776
44 4178
45 40663
46 46921
47 8792
48 47668
49 26077
50 60762
51 30660
52 58421
53 27640
54 417
55 58102
56 26840
57 2902
58 8602
59 26472
60 6625
61 57681
62 60812
63 14811
64 10765
65 35030
66 51694
67 39498
68 616
69 7879
70 33904
71 31529
72 10003
73 20517
74 23923
75 11851
76 1820
77 57380
78 6923
79 45945
80 43473
81 2552
82 33572
83 60718
84 19915
85 25947
86 47620
87 55251
88 52056
89 1705
90 33190
91 48058
92 1733
93 3365
94 1353
95 3744
96 10788
97 49191
98 27859
99 38670
100 30155
101 35623
102 55005
103 7933
104 28818
105 27953
106 35950
107 31754
108 21791
109 28762
110 51120
111 44179
112 321
113 11868
114 46483
115 47278
116 20596
117 38467
118 51205
119 47956
120 19681
121 35378
122 30022
123 11516
124 7829
125 35720
126 20205
127 3592
128 18697
129 38609
130 10848
131 51054
132 29379
133 53196
134 5536
135 43269
136 63909
137 36668
138 38371
139 44572
140 38707
141 62026
142 42986
143 49597
144 8930
145 37608
146 18926
147 44214
148 51271
149 61575
150 36260
151 45921
152 7839
153 15902
154 16825
155 42326
156 50320
157 50904
158 15100
159 1585
160 27445
161 64199
162 34887
163 48736
164 56982
165 22545
166 34328
167 61510
168 32858
169 36233
170 10776
171 43702
172 58547
173 708
174 58006
175 17122
176 41532
177 21219
178 37846
179 15432
180 16943
181 41416
182 9413
183 64374
184 12476
185 45238
186 26692
187 62462
188 46207
189 50671
190 57619
191 27309
192 1223
193 8004
194 12794
195 26585
196 49278
197 13716
198 56672
199 52180
200 28334
201 12065
202 32849
203 17629
204 15709
205 40642
206 54386
207 9725
208 61121
209 24890
210 54318
211 19844
212 5264
213 45407
214 63638
215 20525
216 47786
217 17809
218 53702
219 63661
220 62004
221 60757
222 27788
223 5701
224 64049
225 25068
226 46301
227 15707
228 50256
229 54608
230 20746
231 18795
232 31731
233 43846
234 56030
235 32556
236 30816
237 35029
238 61440
239 18859
240 37085
241 16651
242 53069
243 40652
244 62184
245 18590
246 19868
247 42977
248 39497
249 26167
250 11258
251 33452
252 16281
253 1423
254 40262
255 25515
256 36090
257 8785
258 10318
259 40812
260 61991
261 9500
262 50916
263 32590
264 18732
265 42867
266 29474
267 47677
268 61526
269 37512
270 41170
271 22461
272 49802
273 21952
274 61627
275 62951
276 52099
277 33949
278 4721
279 31311
280 32380
281 53715
282 36596
283 36324
284 45569
285 345
286 56053
287 25223
288 12448
289 64408
290 54632
291 54807
292 48926
293 7422
294 56045
295 1576
296 23688
297 10975
298 4265
299 58986
300 63640
