# prime 65071 300
# engine av12453_gemm_split storage u16 threads 8 prune 1
0 1
1 1
2 2
3 6
4 24
5 119
6 694
7 4581
8 33286
9 643
10 27055
11 52326
12 29943
13 14691
14 54518
15 16416
16 20853
17 4233
18 4174
19 104
20 30903
21 22829
22 43121
23 48622
24 9485
25 18373
26 40104
27 16864
28 8907
29 32423
30 48454
31 12014
32 119
33 4745
34 62270
35 37952
36 15851
37 13400
38 58751
39 29307
40 63062
41 17684
42 55620
43 532
44 22297
45 34126
46 48961
47 27312
48 24
49 1801
50 26784
51 59022
52 51649
53 21092
54 1976
55 55929
56 40684
57 10807
58 59770
59 45349
60 1543
61 24495
62 7715
63 57156
64 0
65 6442
66 23168
67 28352
68 12104
69 26947
70 54404
71 26766
72 19420
73 56182
74 54260
75 50050
76 34255
77 42288
78 59106
79 60873
80 64849
81 40635
82 14289
83 12255
84 29230
85 10841
86 33683
87 52865
88 53347
89 1553
90 9991
91 24513
92 29984
93 48737
94 15588
95 28184
96 41186
97 37846
98 31436
99 25132
100 41056
101 7984
102 5485
103 8621
104 48894
105 23246
106 15423
107 43444
108 31458
109 64166
110 9401
111 17145
112 6882
113 36052
114 51077
115 59560
116 38040
117 34479
118 29703
119 35209
120 57617
121 47480
122 28993
123 31697
124 41862
125 4842
126 62077
127 25695
128 32492
129 50102
130 49218
131 5927
132 29379
133 50956
134 19427
135 21814
136 6345
137 62811
138 34141
139 32914
140 6470
141 27215
142 54266
143 52458
144 63072
145 60100
146 12672
147 7404
148 35794
149 33698
150 45361
151 43210
152 29054
153 52188
154 1359
155 740
156 12331
157 19888
158 62459
159 2590
160 60890
161 35427
162 55006
163 64250
164 51235
165 54907
166 47777
167 43532
168 40420
169 15385
170 11097
171 55455
172 40693
173 43354
174 43364
175 48374
176 40919
177 49153
178 57580
179 2166
180 43990
181 18020
182 43302
183 13629
184 35961
185 63178
186 43130
187 21029
188 47997
189 56968
190 40849
191 23279
192 643
193 30714
194 5557
195 45001
196 11857
197 29109
198 36016
199 8991
200 16204
201 33567
202 35906
203 9673
204 6670
205 28550
206 19949
207 17395
208 23360
209 25608
210 35614
211 60260
212 8844
213 63872
214 16855
215 21900
216 20574
217 60722
218 48244
219 2041
220 59405
221 28568
222 39095
223 30075
224 27311
225 48648
226 53621
227 56790
228 36502
229 52817
230 31951
231 17703
232 64423
233 42427
234 58278
235 34410
236 54153
237 10657
238 24624
239 36925
240 54417
241 15923
242 4696
243 55265
244 43369
245 26126
246 6453
247 4740
248 24861
249 19385
250 64981
251 28176
252 17369
253 12785
254 44972
255 9569
256 28891
257 56561
258 63849
259 24901
260 2307
261 34895
262 5920
263 31158
264 14977
265 2793
266 24831
267 3652
268 31777
269 50208
270 24891
271 26376
272 3145
273 20410
274 8393
275 31148
276 25788
277 37029
278 20635
279 14062
280 15028
281 21916
282 57855
283 27071
284 33721
285 29888
286 17189
287 63289
288 29289
289 48622
290 34033
291 62054
292 31039
293 13945
294 43479
295 24204
296 27253
297 62936
298 43506
299 21185
300 52976
