# prime 65089 300
# engine av12453_gemm_split storage u16 threads 8 prune 1
0 1
1 1
2 2
3 6
4 24
5 119
6 694
7 4581
8 33286
9 571
10 26461
11 47070
12 46882
13 14392
14 31006
15 18109
16 64867
17 29773
18 21914
19 18419
20 58097
21 2620
22 56577
23 33780
24 56632
25 30365
26 26232
27 56236
28 14637
29 36124
30 37287
31 41077
32 36502
33 43460
34 1661
35 8531
36 40947
37 53448
38 25302
39 50280
40 56872
41 64771
42 9764
43 59982
44 32669
45 52711
46 25816
47 55575
48 56755
49 17283
50 34210
51 38648
52 13081
53 21001
54 16191
55 64733
56 33035
57 2353
58 61088
59 15922
60 53491
61 18425
62 15231
63 59624
64 5791
65 62097
66 38048
67 2519
68 24910
69 45960
70 24459
71 23803
72 18530
73 23119
74 32745
75 2682
76 26768
77 9150
78 35575
79 21686
80 46662
81 17202
82 11348
83 868
84 29998
85 33638
86 29538
87 8530
88 4993
89 58138
90 42260
91 52039
92 1278
93 41299
94 10450
95 17055
96 43379
97 51831
98 5506
99 12035
100 23128
101 5305
102 63209
103 52517
104 33438
105 3960
106 33544
107 45971
108 23378
109 31634
110 59561
111 48900
112 6303
113 49808
114 45942
115 50116
116 3110
117 4055
118 33620
119 37462
120 56070
121 16933
122 54398
123 61668
124 5617
125 64054
126 52231
127 56094
128 62010
129 18144
130 58732
131 58762
132 24289
133 64118
134 64640
135 30643
136 27899
137 12427
138 35344
139 2636
140 59298
141 34181
142 62749
143 25098
144 18376
145 16260
146 47241
147 37565
148 58776
149 12655
150 19035
151 19389
152 61401
153 450
154 22383
155 11821
156 41909
157 5848
158 48559
159 47286
160 46411
161 26832
162 17718
163 62230
164 60724
165 31705
166 18149
167 10752
168 45358
169 13904
170 10942
171 19342
172 33150
173 5799
174 34246
175 38038
176 11096
177 63960
178 49418
179 59373
180 27038
181 59642
182 12055
183 50466
184 35357
185 42620
186 41181
187 34549
188 8045
189 17199
190 16749
191 3327
192 13190
193 33580
194 12769
195 29052
196 16381
197 10109
198 27507
199 29823
200 18798
201 17582
202 52842
203 61594
204 52623
205 56839
206 40367
207 31620
208 30507
209 39938
210 8776
211 37986
212 62293
213 58440
214 60832
215 34328
216 43696
217 53112
218 18750
219 42259
220 54383
221 32411
222 21181
223 59292
224 62027
225 11884
226 45033
227 30195
228 2935
229 63419
230 44875
231 29997
232 9365
233 61377
234 32978
235 49574
236 9486
237 27488
238 47793
239 62129
240 25087
241 53510
242 48388
243 21669
244 2573
245 5986
246 28528
247 64846
248 3312
249 29580
250 34819
251 40576
252 49542
253 47951
254 7386
255 10632
256 20735
257 45237
258 47114
259 61437
260 33257
261 1729
262 54895
263 49672
264 30546
265 44709
266 35720
267 28967
268 18148
269 47724
270 14543
271 10819
272 15013
273 55093
274 12259
275 4892
276 15709
277 18096
278 62232
279 45118
280 24777
281 20750
282 21971
283 58431
284 36710
285 21417
286 3021
287 1301
288 58334
289 54141
290 7882
291 4510
292 3880
293 5813
294 63105
295 9274
296 41958
297 5511
298 16469
299 53583
300 49712
