# prime 65099 300
# engine av12453_gemm_split storage u16 threads 8 prune 1
0 1
1 1
2 2
3 6
4 24
5 119
6 694
7 4581
8 33286
9 531
10 26131
11 44150
12 20142
13 21568
14 33468
15 58638
16 53917
17 22622
18 2526
19 30480
20 1650
21 18960
22 47044
23 31880
24 60678
25 13604
26 182
27 57376
28 30667
29 58465
30 18141
31 5551
32 10569
33 10354
34 50556
35 59729
36 23268
37 4160
38 34674
39 53594
40 17852
41 32799
42 15886
43 17976
44 27252
45 60544
46 56460
47 39655
48 52477
49 37667
50 22860
51 2761
52 57155
53 44727
54 58964
55 1280
56 49977
57 47488
58 3237
59 62147
60 21843
61 40613
62 64190
63 46561
64 31263
65 312
66 63470
67 33741
68 42567
69 7854
70 61475
71 41243
72 56668
73 51162
74 47734
75 5168
76 51153
77 61994
78 25728
79 2346
80 4468
81 31296
82 39044
83 42869
84 35420
85 20731
86 27506
87 39244
88 13385
89 26176
90 9011
91 36217
92 42776
93 9996
94 44190
95 14996
96 62370
97 55695
98 24565
99 40300
100 38691
101 34392
102 3127
103 40288
104 41839
105 33157
106 26273
107 51892
108 46497
109 39229
110 16621
111 64904
112 61543
113 41675
114 189
115 58325
116 20999
117 35683
118 53486
119 46105
120 39136
121 41402
122 6988
123 58672
124 23689
125 39096
126 62404
127 7296
128 25182
129 45528
130 13427
131 15691
132 34778
133 12048
134 34210
135 3455
136 35127
137 61877
138 3236
139 23727
140 12419
141 21995
142 28612
143 19182
144 56160
145 50380
146 46973
147 57269
148 57693
149 26617
150 32324
151 62517
152 51239
153 30457
154 40941
155 18874
156 1097
157 30345
158 43303
159 56178
160 12451
161 6578
162 5786
163 13980
164 48030
165 3777
166 35160
167 49004
168 9772
169 31894
170 34291
171 62065
172 23555
173 35187
174 59313
175 46908
176 57239
177 59882
178 7935
179 10025
180 62122
181 52917
182 43829
183 43488
184 53607
185 3036
186 11284
187 3934
188 8082
189 53981
190 30232
191 14205
192 1044
193 36419
194 57197
195 2273
196 6915
197 55030
198 10654
199 48072
200 64981
201 3994
202 2752
203 6963
204 6288
205 26465
206 38358
207 17500
208 14576
209 8125
210 19460
211 54278
212 24672
213 36410
214 28883
215 64478
216 10994
217 11248
218 42322
219 53483
220 27562
221 46401
222 30666
223 15455
224 32895
225 14128
226 33492
227 46460
228 17473
229 7047
230 29465
231 48327
232 47315
233 44853
234 24873
235 11908
236 28833
237 24707
238 18194
239 7413
240 10101
241 25995
242 29896
243 63340
244 51846
245 57992
246 27734
247 7146
248 11762
249 62051
250 13942
251 36128
252 3266
253 45821
254 34786
255 7108
256 44930
257 42921
258 56979
259 2599
260 44707
261 18942
262 10799
263 63666
264 47848
265 3233
266 20772
267 44185
268 29104
269 7678
270 10212
271 29823
272 59228
273 16840
274 61455
275 50102
276 53597
277 19627
278 32792
279 11708
280 4954
281 52573
282 37057
283 35081
284 299
285 53330
286 55965
287 7369
288 60716
289 34870
290 44688
291 50790
292 41668
293 62626
294 13079
295 5774
296 21756
297 52924
298 58567
299 11273
300 3459
