# prime 65101 300
# engine av12453_gemm_split storage u16 threads 8 prune 1
0 1
1 1
2 2
3 6
4 24
5 119
6 694
7 4581
8 33286
9 523
10 26065
11 43566
12 14794
13 36033
14 60092
15 54638
16 61087
17 41017
18 26660
19 18544
20 35487
21 53894
22 38166
23 44323
24 34368
25 8647
26 6021
27 26967
28 4189
29 56698
30 944
31 9443
32 23983
33 36434
34 41309
35 56436
36 54421
37 12418
38 14047
39 26974
40 29407
41 34742
42 52909
43 34392
44 58322
45 23944
46 8680
47 37730
48 64727
49 21386
50 10675
51 4316
52 25878
53 23912
54 3718
55 40231
56 39099
57 8123
58 34578
59 32905
60 35472
61 37873
62 52663
63 30755
64 40614
65 19646
66 52921
67 25280
68 9555
69 14659
70 8658
71 36859
72 29434
73 18836
74 41336
75 9284
76 31342
77 33158
78 46059
79 18760
80 571
81 29289
82 43835
83 47940
84 21925
85 11569
86 54824
87 37421
88 6923
89 53276
90 4379
91 31845
92 44308
93 7236
94 3414
95 5029
96 14889
97 1699
98 37396
99 3524
100 11703
101 63446
102 18491
103 64692
104 64545
105 56548
106 43872
107 46997
108 53357
109 23708
110 41786
111 57572
112 60333
113 48342
114 46295
115 15448
116 42385
117 21774
118 54595
119 44359
120 46113
121 19204
122 52798
123 60267
124 49087
125 27381
126 12643
127 47774
128 53465
129 48092
130 37706
131 24400
132 51632
133 28891
134 5344
135 21248
136 45024
137 17606
138 46599
139 15562
140 33434
141 40209
142 12798
143 21542
144 14571
145 14776
146 31603
147 22857
148 1869
149 46271
150 39837
151 13521
152 53285
153 24815
154 45760
155 30463
156 45835
157 45393
158 39027
159 28462
160 53065
161 19318
162 569
163 40186
164 44641
165 16348
166 47723
167 9003
168 6730
169 465
170 55661
171 46645
172 21193
173 28978
174 60320
175 41975
176 60262
177 48221
178 62089
179 1246
180 43388
181 5561
182 20241
183 2117
184 58717
185 48250
186 34221
187 20694
188 24196
189 8021
190 43152
191 2572
192 33979
193 9590
194 32090
195 4372
196 33901
197 61007
198 5314
199 11309
200 8755
201 36644
202 57311
203 31346
204 59721
205 23362
206 41939
207 63546
208 57258
209 41864
210 11817
211 31779
212 49299
213 1442
214 15156
215 35039
216 45948
217 37809
218 33525
219 21503
220 21880
221 7017
222 2941
223 50363
224 50849
225 15311
226 32319
227 27516
228 12809
229 28800
230 61178
231 5571
232 64914
233 40919
234 209
235 35118
236 27977
237 64313
238 53522
239 2106
240 20190
241 38674
242 31484
243 34688
244 46420
245 619
246 63920
247 64865
248 42026
249 24552
250 56833
251 36618
252 8179
253 60614
254 5947
255 10563
256 28081
257 63107
258 542
259 12600
260 39420
261 46674
262 29856
263 50683
264 12073
265 21420
266 46259
267 18367
268 13399
269 58579
270 27527
271 55430
272 63957
273 42139
274 13165
275 23072
276 45594
277 49209
278 31634
279 6992
280 20260
281 3927
282 200
283 36936
284 2267
285 43425
286 27545
287 45138
288 2635
289 48454
290 53611
291 61364
292 48012
293 10607
294 15786
295 17743
296 23121
297 26342
298 19866
299 2368
300 20546
