# prime 65119 300
# engine av12453_gemm_split storage u16 threads 8 prune 1
0 1
1 1
2 2
3 6
4 24
5 119
6 694
7 4581
8 33286
9 451
10 25471
11 38310
12 31781
13 36160
14 40672
15 32318
16 5541
17 47577
18 5830
19 8401
20 28798
21 15736
22 54987
23 32623
24 2301
25 62659
26 32078
27 12854
28 27772
29 8031
30 28431
31 45502
32 16979
33 16433
34 47520
35 54020
36 3744
37 595
38 24165
39 22586
40 1634
41 32523
42 35137
43 22236
44 48469
45 14879
46 62230
47 7
48 55772
49 35639
50 56624
51 10746
52 42261
53 18891
54 21723
55 44669
56 63032
57 22030
58 18888
59 40032
60 7637
61 30378
62 58162
63 18552
64 3884
65 44216
66 2213
67 48956
68 39240
69 35709
70 32472
71 47956
72 18102
73 35072
74 37575
75 41349
76 61716
77 1590
78 8616
79 14796
80 23598
81 20527
82 55411
83 9263
84 58538
85 59988
86 40959
87 30324
88 41762
89 63436
90 4100
91 866
92 10482
93 50010
94 7950
95 47183
96 14925
97 5387
98 51277
99 30380
100 61910
101 25341
102 15194
103 25442
104 9239
105 42448
106 28222
107 31624
108 56924
109 36508
110 56294
111 2508
112 49257
113 44012
114 55332
115 45725
116 7506
117 29985
118 38215
119 18020
120 42657
121 21641
122 846
123 58738
124 53711
125 52076
126 40088
127 22316
128 33013
129 16518
130 52989
131 3313
132 8572
133 14293
134 20139
135 28486
136 21753
137 55799
138 42103
139 4878
140 64009
141 3416
142 22049
143 64435
144 20720
145 20761
146 15041
147 57377
148 15103
149 27339
150 12175
151 52098
152 6274
153 17483
154 47651
155 20418
156 45483
157 43056
158 3646
159 19917
160 9246
161 53965
162 46551
163 51874
164 48536
165 52933
166 8786
167 9455
168 37734
169 41860
170 1103
171 29263
172 58689
173 13558
174 15857
175 39752
176 40616
177 17014
178 51777
179 50446
180 61555
181 37612
182 10224
183 37819
184 34731
185 39405
186 47284
187 2743
188 51372
189 55495
190 34677
191 28951
192 23633
193 40133
194 62900
195 5316
196 2536
197 7760
198 56302
199 30875
200 60941
201 1462
202 23896
203 2227
204 25749
205 55454
206 37184
207 40805
208 23781
209 21679
210 27075
211 47533
212 35803
213 18186
214 45670
215 6787
216 53270
217 47187
218 8390
219 17395
220 41188
221 21443
222 52311
223 4820
224 27844
225 24692
226 4234
227 39713
228 50841
229 18164
230 41337
231 14555
232 18822
233 56516
234 21764
235 56116
236 8731
237 9509
238 29826
239 24201
240 61330
241 22799
242 55788
243 2341
244 20861
245 57034
246 62298
247 43401
248 957
249 12259
250 12169
251 34698
252 17285
253 29123
254 59402
255 10255
256 21941
257 52075
258 62992
259 61717
260 12494
261 36553
262 17793
263 1499
264 42508
265 18556
266 32441
267 60308
268 45541
269 31486
270 44623
271 24578
272 46750
273 46835
274 24456
275 55594
276 61747
277 59409
278 32137
279 16194
280 5368
281 37123
282 5034
283 10131
284 60995
285 15926
286 53415
287 61353
288 21729
289 35579
290 60841
291 613
292 51745
293 30396
294 25764
295 41404
296 12739
297 24946
298 27106
299 5559
300 57700
