# prime 65111 300
# engine av12453_gemm_split storage u16 threads 8 prune 1
0 1
1 1
2 2
3 6
4 24
5 119
6 694
7 4581
8 33286
9 483
10 25735
11 40646
12 53165
13 43307
14 63470
15 39198
16 13515
17 36653
18 25228
19 63338
20 25267
21 4924
22 17908
23 60934
24 22681
25 9955
26 43100
27 12494
28 29763
29 9501
30 1238
31 23136
32 10739
33 31106
34 41893
35 39551
36 43383
37 35839
38 56049
39 14337
40 20870
41 38097
42 7524
43 44100
44 63090
45 33450
46 29236
47 24413
48 1376
49 10682
50 14334
51 6554
52 23324
53 2946
54 12215
55 40066
56 3251
57 48903
58 41419
59 64939
60 24252
61 38520
62 32916
63 17136
64 41036
65 3421
66 40221
67 25247
68 30069
69 27225
70 33491
71 30560
72 43026
73 12613
74 56512
75 40055
76 13191
77 43150
78 45709
79 3995
80 43852
81 52695
82 55161
83 27653
84 22822
85 63746
86 27872
87 18630
88 43279
89 50761
90 38775
91 31856
92 25890
93 31037
94 61797
95 64375
96 54490
97 20022
98 32571
99 21994
100 20061
101 40954
102 35476
103 50194
104 14139
105 49395
106 41545
107 363
108 6293
109 56953
110 37744
111 62196
112 20238
113 57812
114 12418
115 264
116 14255
117 37280
118 35747
119 50172
120 46660
121 22358
122 30516
123 28769
124 52661
125 60019
126 17725
127 21884
128 64284
129 39320
130 18818
131 31489
132 12643
133 61966
134 45201
135 34212
136 37466
137 9587
138 32601
139 17070
140 57163
141 60862
142 57946
143 23801
144 49880
145 10432
146 64380
147 29632
148 11737
149 24278
150 7924
151 12514
152 53426
153 54100
154 835
155 13761
156 19990
157 12011
158 20731
159 55533
160 52092
161 11576
162 33291
163 11921
164 9632
165 3149
166 5230
167 34904
168 8027
169 35515
170 5374
171 24836
172 21753
173 54778
174 25671
175 37892
176 48745
177 18733
178 44062
179 63620
180 21779
181 30027
182 18775
183 46301
184 4180
185 11894
186 63352
187 8859
188 40015
189 48961
190 26025
191 62164
192 48503
193 8203
194 4501
195 46942
196 3239
197 49604
198 64484
199 58680
200 34441
201 56102
202 64901
203 51096
204 59197
205 50204
206 46165
207 28293
208 14410
209 14180
210 4873
211 35849
212 56684
213 53588
214 47189
215 63326
216 47799
217 51588
218 6196
219 11783
220 36032
221 30479
222 35741
223 3559
224 8878
225 59436
226 47172
227 60324
228 37811
229 17355
230 49487
231 41195
232 48024
233 43121
234 31444
235 18304
236 19639
237 15296
238 60395
239 1489
240 25587
241 27035
242 24281
243 9001
244 21808
245 33846
246 61872
247 63695
248 17290
249 28942
250 29662
251 5428
252 29258
253 44313
254 56624
255 57151
256 64948
257 13930
258 62179
259 46696
260 36764
261 46324
262 14563
263 26171
264 56229
265 9637
266 14407
267 32698
268 42281
269 30306
270 21249
271 62721
272 14230
273 56026
274 41343
275 42329
276 49986
277 38623
278 60834
279 56631
280 38589
281 42315
282 57781
283 48359
284 49759
285 34281
286 11704
287 49884
288 38875
289 54433
290 35987
291 41236
292 27743
293 11194
294 55776
295 39760
296 54531
297 16808
298 47287
299 6048
300 6828
