# prime 65129 300
# engine av12453_gemm_split storage u16 threads 8 prune 1
0 1
1 1
2 2
3 6
4 24
5 119
6 694
7 4581
8 33286
9 411
10 25141
11 35390
12 5051
13 43576
14 45414
15 30558
16 33164
17 13814
18 20522
19 17739
20 5830
21 65008
22 21998
23 52596
24 20414
25 29520
26 37575
27 2437
28 11331
29 19960
30 17182
31 57256
32 43283
33 63009
34 5090
35 29322
36 51788
37 26080
38 27364
39 2600
40 34222
41 31950
42 2078
43 48719
44 16781
45 41978
46 27343
47 44993
48 30516
49 32418
50 38724
51 28276
52 30
53 41187
54 26741
55 35205
56 39027
57 10255
58 46918
59 2315
60 21518
61 6657
62 42324
63 62573
64 64091
65 57128
66 64444
67 40419
68 10531
69 12377
70 40199
71 63612
72 31949
73 12089
74 41607
75 37077
76 18253
77 58629
78 3293
79 4265
80 33007
81 8665
82 39386
83 33164
84 5359
85 16577
86 6621
87 14287
88 31857
89 6290
90 47682
91 6514
92 40695
93 9030
94 18148
95 20944
96 57869
97 44907
98 38187
99 21352
100 48069
101 49863
102 13977
103 49001
104 14879
105 57631
106 11027
107 39094
108 60650
109 56106
110 24442
111 3351
112 56166
113 12220
114 21059
115 25259
116 64461
117 26455
118 15911
119 5818
120 24615
121 54026
122 39652
123 51169
124 27139
125 17300
126 36475
127 346
128 32107
129 58225
130 21531
131 5686
132 42508
133 41627
134 59862
135 56405
136 6769
137 22486
138 41615
139 17738
140 31674
141 1317
142 26503
143 10064
144 37422
145 40909
146 29511
147 34181
148 51382
149 29766
150 7506
151 20556
152 60995
153 58532
154 43988
155 27231
156 57196
157 22442
158 16313
159 25732
160 42198
161 35219
162 37663
163 62619
164 33645
165 29653
166 10140
167 37888
168 61953
169 29546
170 46227
171 15891
172 63463
173 37496
174 46807
175 7896
176 54300
177 53428
178 39363
179 48312
180 58272
181 59920
182 50676
183 45137
184 37312
185 57422
186 59381
187 1853
188 1295
189 50676
190 44246
191 35250
192 39243
193 62287
194 10724
195 56507
196 57227
197 38852
198 23308
199 43782
200 64276
201 56543
202 9938
203 51066
204 61252
205 2951
206 45327
207 53141
208 44397
209 27976
210 62741
211 54022
212 26129
213 48324
214 16297
215 29369
216 62331
217 25531
218 62917
219 2418
220 50479
221 10890
222 56335
223 13105
224 39007
225 30306
226 46308
227 50423
228 9074
229 31178
230 58087
231 47836
232 44398
233 3346
234 38244
235 59062
236 47925
237 28915
238 18221
239 46731
240 2633
241 61853
242 4862
243 6015
244 60590
245 31063
246 47239
247 498
248 12755
249 14772
250 50280
251 40563
252 59477
253 41533
254 8115
255 3686
256 28277
257 38465
258 53264
259 8230
260 20232
261 39970
262 3987
263 51985
264 63732
265 4597
266 49505
267 61469
268 17575
269 21013
270 40818
271 14681
272 49161
273 13740
274 12096
275 53676
276 55863
277 21267
278 52294
279 18831
280 39567
281 12766
282 29682
283 7683
284 55450
285 39329
286 39046
287 55873
288 17884
289 27352
290 51311
291 4011
292 49362
293 53312
294 29438
295 38636
296 25744
297 25507
298 42626
299 8380
300 60256
