# prime 65123 300
# engine av12453_gemm_split storage u16 threads 8 prune 1
0 1
1 1
2 2
3 6
4 24
5 119
6 694
7 4581
8 33286
9 435
10 25339
11 37142
12 21089
13 43
14 29453
15 30702
16 20262
17 53438
18 63146
19 1643
20 26586
21 37701
22 38966
23 40556
24 62031
25 61373
26 56224
27 9850
28 43135
29 26557
30 1005
31 34653
32 61216
33 40817
34 16132
35 44555
36 35625
37 27440
38 27160
39 62943
40 57807
41 25832
42 49814
43 41323
44 30317
45 25456
46 43099
47 31449
48 51408
49 20427
50 58764
51 53610
52 42873
53 50050
54 64626
55 18282
56 32196
57 7164
58 42324
59 10931
60 60405
61 29337
62 60799
63 32461
64 23989
65 41547
66 57195
67 41118
68 35840
69 57362
70 32614
71 63847
72 10521
73 48229
74 58748
75 58111
76 47938
77 19133
78 56548
79 12041
80 44113
81 52621
82 45057
83 32540
84 35073
85 22800
86 59255
87 17589
88 9796
89 43979
90 12488
91 52249
92 36602
93 20462
94 1090
95 17801
96 16290
97 53281
98 41582
99 54043
100 63563
101 61449
102 20729
103 27470
104 43254
105 27348
106 59945
107 30534
108 53768
109 45865
110 49176
111 6206
112 14802
113 57834
114 27152
115 37634
116 56152
117 60215
118 31391
119 15587
120 17495
121 33240
122 27336
123 39304
124 29577
125 54849
126 20357
127 16412
128 65053
129 21892
130 11503
131 53732
132 19584
133 36243
134 25244
135 3119
136 40378
137 20605
138 49235
139 29161
140 44215
141 4622
142 53263
143 18796
144 28915
145 49578
146 164
147 36206
148 45386
149 22571
150 33731
151 43829
152 14452
153 5665
154 16384
155 49427
156 5762
157 52256
158 40718
159 25702
160 23026
161 18085
162 48653
163 43560
164 36269
165 58120
166 29828
167 36931
168 44609
169 37943
170 63203
171 24883
172 42037
173 46779
174 431
175 21669
176 18649
177 53534
178 15049
179 19395
180 55418
181 13426
182 2198
183 19099
184 21576
185 35957
186 24274
187 43876
188 57271
189 3072
190 56357
191 28408
192 21961
193 33558
194 9620
195 4727
196 14072
197 58600
198 18914
199 56641
200 13112
201 37714
202 2269
203 64096
204 19745
205 2600
206 34452
207 53448
208 53802
209 37574
210 64326
211 46492
212 54759
213 56908
214 11112
215 25147
216 51460
217 27439
218 41938
219 8298
220 10243
221 56485
222 55249
223 18840
224 26804
225 37608
226 36964
227 24470
228 42734
229 10180
230 30587
231 31107
232 63090
233 22577
234 34874
235 2689
236 36052
237 51467
238 27491
239 31299
240 62096
241 51699
242 53258
243 52065
244 35956
245 27023
246 20096
247 42384
248 43708
249 64463
250 48549
251 56351
252 64087
253 47776
254 59050
255 30215
256 58366
257 34539
258 44206
259 58014
260 23238
261 50809
262 25321
263 39320
264 12982
265 57197
266 5469
267 34025
268 45534
269 2444
270 55273
271 46014
272 15581
273 41698
274 32103
275 28725
276 39248
277 37193
278 14626
279 62748
280 37929
281 14823
282 28056
283 4398
284 57597
285 60539
286 22957
287 2136
288 20803
289 14138
290 34500
291 34893
292 35446
293 23359
294 28203
295 43179
296 9892
297 62871
298 6052
299 21364
300 33722
