# prime 65141 300
# engine av12453_gemm_split storage u16 threads 8 prune 1
0 1
1 1
2 2
3 6
4 24
5 119
6 694
7 4581
8 33286
9 363
10 24745
11 31886
12 38116
13 468
14 13023
15 38478
16 12854
17 33506
18 3151
19 31907
20 58547
21 17875
22 44840
23 25352
24 55528
25 12522
26 43579
27 34147
28 24142
29 49734
30 7217
31 28436
32 7117
33 2980
34 49195
35 35059
36 15230
37 10429
38 37726
39 47867
40 52000
41 58920
42 30368
43 17029
44 51421
45 7472
46 20756
47 2643
48 36663
49 22773
50 44181
51 15638
52 24114
53 10844
54 64393
55 23665
56 6977
57 15494
58 64906
59 62328
60 60189
61 54966
62 28092
63 20038
64 38170
65 41382
66 63824
67 53479
68 29158
69 3577
70 34872
71 52152
72 61966
73 31910
74 39931
75 4229
76 49649
77 21380
78 25552
79 57216
80 31711
81 52044
82 59141
83 54567
84 54528
85 64464
86 21330
87 62523
88 59030
89 50128
90 26662
91 29600
92 61765
93 218
94 14223
95 60520
96 14790
97 14314
98 26673
99 24578
100 31823
101 63511
102 56865
103 55970
104 42805
105 47956
106 19968
107 60038
108 11475
109 48061
110 12359
111 21737
112 59554
113 4393
114 16372
115 16923
116 38606
117 46718
118 32865
119 40543
120 18450
121 41958
122 18262
123 7881
124 59415
125 27861
126 25342
127 44964
128 9379
129 31184
130 60592
131 39516
132 47095
133 1841
134 22769
135 30134
136 61679
137 5567
138 47755
139 63965
140 34427
141 53670
142 26395
143 1723
144 17602
145 61035
146 29457
147 35784
148 45460
149 6960
150 58784
151 43181
152 2032
153 44478
154 52729
155 5235
156 10832
157 18835
158 24740
159 35900
160 58682
161 25548
162 50996
163 56596
164 51061
165 23591
166 64657
167 607
168 19811
169 0
170 7291
171 46733
172 108
173 61704
174 18302
175 2342
176 16358
177 64816
178 5725
179 53892
180 39625
181 9695
182 29977
183 27584
184 64277
185 59137
186 1161
187 3709
188 45959
189 4580
190 4765
191 45583
192 29376
193 31740
194 25529
195 56162
196 13632
197 25057
198 45804
199 8488
200 51645
201 3816
202 344
203 33441
204 13584
205 27595
206 19112
207 16208
208 47986
209 59642
210 4376
211 22029
212 34056
213 45807
214 42850
215 4943
216 56442
217 48314
218 28039
219 61003
220 50460
221 26192
222 40385
223 57307
224 47585
225 57826
226 46577
227 32886
228 4873
229 6304
230 39716
231 63117
232 63046
233 64448
234 40967
235 25582
236 18017
237 26139
238 364
239 24542
240 48752
241 55008
242 34843
243 53203
244 56845
245 60708
246 12934
247 9135
248 61264
249 58135
250 53168
251 47137
252 59197
253 7419
254 53277
255 23688
256 42369
257 14087
258 50976
259 56753
260 19056
261 2854
262 64000
263 22064
264 59787
265 49543
266 24170
267 17560
268 10920
269 54488
270 63246
271 61117
272 28380
273 18003
274 54841
275 58904
276 37267
277 16857
278 49983
279 29668
280 30969
281 65014
282 25462
283 33993
284 5235
285 30824
286 42787
287 10796
288 14176
289 64031
290 3829
291 42907
292 41613
293 36146
294 33615
295 31691
296 3725
297 14443
298 33097
299 22463
300 2829
