# prime 65147 300
# engine av12453_gemm_split storage u16 threads 8 prune 1
0 1
1 1
2 2
3 6
4 24
5 119
6 694
7 4581
8 33286
9 339
10 24547
11 30134
12 22084
13 44097
14 29806
15 46542
16 44765
17 27531
18 26688
19 11259
20 56694
21 64622
22 26379
23 31982
24 25674
25 43846
26 23444
27 29441
28 33377
29 39800
30 12435
31 4106
32 3679
33 60090
34 58474
35 47560
36 46407
37 22419
38 8421
39 4932
40 11695
41 32712
42 528
43 44002
44 46855
45 12643
46 57796
47 32381
48 10831
49 46960
50 57580
51 42649
52 26272
53 5695
54 15669
55 19871
56 665
57 43202
58 28216
59 25486
60 62668
61 951
62 64590
63 41712
64 41332
65 55974
66 63238
67 20966
68 58687
69 9585
70 32308
71 48391
72 23893
73 25404
74 40428
75 40082
76 15706
77 37588
78 42390
79 14471
80 64506
81 40197
82 36647
83 45533
84 19775
85 14512
86 45007
87 25165
88 58115
89 16406
90 4544
91 59659
92 18110
93 18181
94 60693
95 5999
96 46368
97 12603
98 18046
99 16781
100 39281
101 7038
102 2738
103 2183
104 54674
105 23458
106 24836
107 31973
108 51497
109 64637
110 45742
111 42418
112 49232
113 59040
114 23131
115 27421
116 42097
117 18990
118 8514
119 63671
120 8153
121 3915
122 60171
123 45039
124 55231
125 14564
126 24400
127 6909
128 33553
129 58351
130 37416
131 27270
132 9594
133 51712
134 61473
135 61633
136 60209
137 817
138 64704
139 18280
140 32951
141 64238
142 59370
143 54370
144 56215
145 7433
146 32082
147 24791
148 64367
149 11610
150 33978
151 21314
152 56459
153 43486
154 17836
155 14398
156 29392
157 50732
158 35291
159 39083
160 61107
161 44136
162 47962
163 60783
164 4797
165 56295
166 47655
167 36550
168 36568
169 53686
170 31725
171 19674
172 50551
173 11381
174 39159
175 30919
176 955
177 1991
178 60348
179 4924
180 27577
181 4737
182 10895
183 35123
184 49933
185 5494
186 47221
187 22948
188 31352
189 4797
190 14745
191 55737
192 59007
193 16875
194 21391
195 64545
196 16703
197 18339
198 30277
199 49807
200 46786
201 7086
202 57210
203 12274
204 31163
205 1095
206 3166
207 21763
208 27939
209 4935
210 4741
211 50072
212 34065
213 64312
214 57720
215 58452
216 1174
217 14981
218 8479
219 4835
220 51424
221 28203
222 27212
223 58745
224 27831
225 31938
226 10204
227 55845
228 27948
229 49328
230 40581
231 7001
232 12331
233 51015
234 31762
235 52349
236 23667
237 38389
238 37129
239 25209
240 54976
241 43671
242 7395
243 43188
244 62722
245 40851
246 46962
247 50217
248 13268
249 40715
250 30615
251 22956
252 13251
253 55476
254 49720
255 16968
256 58082
257 37671
258 15668
259 21660
260 11339
261 51791
262 5477
263 4116
264 60153
265 36579
266 61385
267 55978
268 27504
269 7986
270 4435
271 42013
272 63462
273 25827
274 53498
275 5464
276 25375
277 26807
278 57309
279 167
280 38648
281 8915
282 46273
283 8207
284 34793
285 55781
286 50936
287 52307
288 462
289 53764
290 46667
291 16987
292 14342
293 27061
294 17905
295 41481
296 15742
297 15876
298 23198
299 37909
300 62337
