# prime 65167 300
# engine av12453_gemm_split storage u16 threads 8 prune 1
0 1
1 1
2 2
3 6
4 24
5 119
6 694
7 4581
8 33286
9 259
10 23887
11 24294
12 33811
13 59453
14 44298
15 28015
16 27840
17 62906
18 46880
19 49958
20 17721
21 37859
22 30169
23 12741
24 57956
25 60332
26 39249
27 36114
28 30384
29 8218
30 25986
31 24162
32 27378
33 51248
34 61168
35 49316
36 26514
37 15849
38 56585
39 43713
40 40765
41 14157
42 50757
43 35080
44 3078
45 16410
46 64035
47 20335
48 27849
49 63516
50 52035
51 28373
52 29598
53 62751
54 51020
55 29129
56 64127
57 47025
58 62952
59 63347
60 10350
61 8793
62 36548
63 33494
64 40784
65 65074
66 949
67 21378
68 60875
69 45252
70 24191
71 55719
72 3717
73 50342
74 29635
75 58940
76 61211
77 46846
78 25445
79 26344
80 56722
81 48228
82 63069
83 20409
84 56856
85 41261
86 40051
87 38764
88 4572
89 34852
90 28343
91 57761
92 10543
93 16839
94 48596
95 20751
96 47598
97 13806
98 54645
99 7765
100 22357
101 56456
102 25686
103 19027
104 34491
105 634
106 1049
107 5132
108 27689
109 21683
110 25065
111 2230
112 23739
113 8946
114 51672
115 8133
116 29623
117 38340
118 51760
119 4096
120 12068
121 40746
122 31308
123 41835
124 61176
125 60786
126 26905
127 7442
128 43230
129 63481
130 2988
131 32114
132 52070
133 30781
134 62042
135 52327
136 45098
137 36009
138 50549
139 36624
140 62900
141 3901
142 29829
143 38148
144 5370
145 53360
146 63804
147 4645
148 30524
149 60205
150 62678
151 45942
152 21044
153 60068
154 957
155 49573
156 42785
157 60925
158 14029
159 29811
160 60721
161 15177
162 64055
163 31427
164 8236
165 11777
166 49407
167 56158
168 65027
169 45019
170 45702
171 7763
172 61951
173 22445
174 21953
175 22824
176 32506
177 50870
178 39796
179 6892
180 53092
181 6212
182 37768
183 16086
184 23548
185 813
186 35906
187 28067
188 51374
189 56506
190 63660
191 10612
192 19881
193 3677
194 11839
195 16681
196 50312
197 55964
198 23245
199 59810
200 128
201 57429
202 19620
203 44878
204 49552
205 50038
206 17189
207 2320
208 40347
209 134
210 39290
211 22505
212 60884
213 44377
214 42318
215 49475
216 8484
217 55903
218 62747
219 31497
220 45231
221 29714
222 25337
223 45097
224 40402
225 6100
226 60737
227 9700
228 17351
229 39998
230 41117
231 28923
232 17929
233 20620
234 18132
235 64128
236 44535
237 13125
238 36064
239 59258
240 42198
241 1110
242 53742
243 39978
244 3135
245 37715
246 51824
247 37303
248 19153
249 60399
250 29072
251 20674
252 59090
253 20198
254 48771
255 24651
256 10523
257 26677
258 58871
259 29757
260 57724
261 918
262 21212
263 46480
264 38285
265 14467
266 37022
267 47423
268 17160
269 39301
270 52181
271 5057
272 49819
273 28637
274 2654
275 6742
276 25756
277 53117
278 44158
279 29789
280 39378
281 41302
282 58231
283 51297
284 58981
285 9216
286 44108
287 12891
288 54564
289 43487
290 51844
291 22138
292 53010
293 26738
294 24243
295 3773
296 25239
297 49536
298 59821
299 32969
300 31398
