# prime 65171 300
# engine av12453_gemm_split storage u16 threads 8 prune 1
0 1
1 1
2 2
3 6
4 24
5 119
6 694
7 4581
8 33286
9 243
10 23755
11 23126
12 23127
13 23460
14 34527
15 40987
16 61823
17 4816
18 33225
19 46755
20 26258
21 4292
22 33298
23 39676
24 25993
25 49612
26 29123
27 60625
28 45418
29 44476
30 27711
31 21384
32 181
33 4805
34 38545
35 28277
36 64241
37 49961
38 35009
39 58127
40 1863
41 48645
42 15744
43 21450
44 3960
45 64261
46 28170
47 59823
48 32810
49 41218
50 7939
51 52862
52 4441
53 14621
54 25233
55 19630
56 46759
57 64639
58 46806
59 12483
60 53140
61 20265
62 12101
63 55284
64 18750
65 5559
66 6911
67 45191
68 14266
69 35287
70 28294
71 51594
72 11875
73 41700
74 26376
75 13663
76 58928
77 3623
78 47105
79 11309
80 1902
81 26806
82 18786
83 11541
84 23438
85 25340
86 3695
87 24793
88 40254
89 29579
90 37658
91 49457
92 16040
93 18300
94 19310
95 64726
96 43525
97 53534
98 17335
99 39052
100 40648
101 8030
102 26969
103 39097
104 51836
105 36221
106 12763
107 20424
108 16093
109 35220
110 35940
111 22233
112 25545
113 27091
114 49558
115 27753
116 35256
117 46207
118 31216
119 9068
120 7224
121 30774
122 44134
123 5212
124 52209
125 33701
126 11020
127 29621
128 54990
129 58877
130 45063
131 62554
132 28339
133 24510
134 7972
135 8473
136 41863
137 60674
138 31253
139 26253
140 15450
141 3611
142 17240
143 52238
144 17512
145 37103
146 21339
147 14656
148 1222
149 32604
150 25340
151 63377
152 51477
153 1466
154 11849
155 21019
156 2919
157 9837
158 30332
159 55436
160 43765
161 27805
162 16559
163 17453
164 54736
165 51490
166 34484
167 55431
168 14920
169 55623
170 13202
171 15514
172 52804
173 28667
174 12677
175 24437
176 29526
177 2403
178 14790
179 30802
180 9051
181 19916
182 15047
183 61740
184 62450
185 61285
186 52272
187 15439
188 24373
189 41106
190 37884
191 58080
192 44590
193 53984
194 28386
195 8963
196 44141
197 12503
198 27282
199 40439
200 6763
201 19973
202 36641
203 23832
204 29907
205 53395
206 19608
207 40850
208 15567
209 48020
210 55708
211 17826
212 28627
213 45787
214 26269
215 64938
216 45676
217 14879
218 3500
219 56293
220 36920
221 1219
222 19132
223 3075
224 63425
225 8507
226 51454
227 64806
228 17464
229 33365
230 32111
231 9024
232 32250
233 24957
234 53215
235 37878
236 6106
237 41548
238 45634
239 26670
240 7913
241 9373
242 20572
243 54251
244 45234
245 2908
246 42356
247 15346
248 52793
249 42272
250 37438
251 19904
252 7222
253 23939
254 16596
255 54407
256 1282
257 37038
258 33288
259 6674
260 58869
261 10229
262 49377
263 51793
264 22970
265 12160
266 26894
267 7402
268 57231
269 56910
270 35099
271 37015
272 30357
273 23316
274 64071
275 47371
276 1150
277 45524
278 24787
279 30651
280 6223
281 42740
282 23862
283 52881
284 56598
285 57850
286 25817
287 32387
288 15924
289 4836
290 3104
291 18985
292 49785
293 7258
294 25442
295 7750
296 48753
297 63386
298 34711
299 12232
300 38551
