# prime 65173 300
# engine av12453_gemm_split storage u16 threads 8 prune 1
0 1
1 1
2 2
3 6
4 24
5 119
6 694
7 4581
8 33286
9 235
10 23689
11 22542
12 17785
13 38053
14 62273
15 47929
16 50899
17 24629
18 58193
19 44794
20 17627
21 28161
22 22597
23 56777
24 32868
25 18085
26 47952
27 8938
28 12628
29 5811
30 23387
31 22139
32 20908
33 17258
34 51691
35 36377
36 54703
37 11372
38 27384
39 33856
40 8461
41 1083
42 50665
43 32870
44 16835
45 48784
46 37398
47 34815
48 51491
49 26136
50 29845
51 30210
52 61801
53 56458
54 20259
55 46698
56 22365
57 1636
58 40083
59 22435
60 17613
61 1798
62 63312
63 3525
64 30285
65 15370
66 62827
67 52872
68 13494
69 36354
70 35404
71 62234
72 13580
73 60965
74 63173
75 23617
76 30846
77 6309
78 15310
79 42685
80 7449
81 702
82 58025
83 61747
84 54971
85 53115
86 33399
87 46375
88 46745
89 5978
90 273
91 46324
92 12550
93 54530
94 32008
95 55651
96 9795
97 4450
98 21320
99 55507
100 22554
101 8661
102 61043
103 63334
104 50299
105 36783
106 64534
107 19999
108 52866
109 36744
110 27224
111 58492
112 44652
113 13503
114 10474
115 38940
116 31103
117 44999
118 32434
119 37582
120 56218
121 18771
122 44541
123 22460
124 11402
125 63193
126 46419
127 21902
128 32328
129 50997
130 37121
131 64874
132 12715
133 24737
134 38827
135 58921
136 34684
137 35610
138 39260
139 13473
140 39675
141 37205
142 26819
143 62912
144 28530
145 43974
146 64271
147 44722
148 13686
149 30709
150 59027
151 41254
152 15726
153 48846
154 15301
155 6945
156 20994
157 4236
158 43283
159 62332
160 49223
161 23613
162 24440
163 62291
164 21528
165 24572
166 25975
167 56417
168 46451
169 47690
170 51685
171 20303
172 51240
173 61184
174 47017
175 38874
176 30149
177 11539
178 40109
179 61450
180 10929
181 56727
182 50824
183 37011
184 46772
185 64319
186 43137
187 48953
188 3957
189 9764
190 44586
191 14032
192 9224
193 24048
194 8467
195 59882
196 5538
197 31701
198 8993
199 54564
200 4551
201 59515
202 59936
203 43421
204 45238
205 20218
206 9990
207 19310
208 14922
209 52402
210 26277
211 22875
212 33136
213 45980
214 17885
215 46581
216 63043
217 37300
218 14391
219 10530
220 56676
221 17658
222 54656
223 30558
224 51522
225 9128
226 51994
227 12535
228 33655
229 5870
230 2314
231 887
232 57084
233 55782
234 733
235 11841
236 46004
237 11707
238 54253
239 53163
240 8025
241 50595
242 16110
243 26207
244 63908
245 33550
246 55615
247 42353
248 6419
249 31323
250 57525
251 12559
252 17938
253 21544
254 16868
255 34004
256 60418
257 41437
258 50759
259 35321
260 49448
261 36935
262 10917
263 2925
264 26609
265 42986
266 55189
267 27104
268 63623
269 50383
270 32388
271 39512
272 42630
273 61515
274 63835
275 41763
276 34741
277 31
278 3411
279 3713
280 47153
281 54293
282 41091
283 20782
284 19985
285 8014
286 44113
287 52576
288 43730
289 19618
290 36159
291 29398
292 47375
293 33997
294 7173
295 35885
296 6877
297 8189
298 33334
299 19082
300 44456
