# prime 65179 300
# engine av12453_gemm_split storage u16 threads 8 prune 1
0 1
1 1
2 2
3 6
4 24
5 119
6 694
7 4581
8 33286
9 211
10 23491
11 20790
12 1759
13 16677
14 15345
15 5400
16 36799
17 18784
18 64382
19 33321
20 24870
21 15326
22 21315
23 7824
24 9731
25 14518
26 42268
27 58552
28 29545
29 58925
30 39040
31 64609
32 41579
33 15530
34 45668
35 1321
36 61795
37 34963
38 60573
39 5513
40 54821
41 1667
42 13228
43 43599
44 33465
45 55076
46 48278
47 52536
48 15574
49 38862
50 33681
51 55094
52 21062
53 22843
54 36650
55 65083
56 12182
57 64997
58 29180
59 45795
60 12540
61 48179
62 28480
63 12672
64 36628
65 17763
66 14709
67 14735
68 16847
69 65116
70 28271
71 30925
72 46730
73 50560
74 17682
75 62857
76 58317
77 6006
78 4060
79 57382
80 2578
81 57696
82 61075
83 32777
84 33253
85 62602
86 20340
87 15398
88 36005
89 45393
90 63562
91 37925
92 56034
93 26947
94 13111
95 53200
96 63120
97 33404
98 45006
99 26005
100 63859
101 29275
102 7294
103 63283
104 44712
105 65154
106 55422
107 47112
108 40845
109 15330
110 6315
111 31787
112 51108
113 13412
114 3111
115 5241
116 63257
117 24072
118 37736
119 26522
120 27240
121 54877
122 15021
123 53556
124 36993
125 32298
126 62999
127 44425
128 45731
129 49591
130 29555
131 33179
132 57249
133 4877
134 15850
135 58770
136 53321
137 18757
138 31103
139 64797
140 23994
141 1042
142 13702
143 20031
144 50721
145 30664
146 46892
147 31330
148 26967
149 60473
150 42086
151 15407
152 16564
153 53037
154 51949
155 38697
156 4049
157 31579
158 49905
159 38539
160 63186
161 25529
162 15774
163 20591
164 61439
165 44461
166 51820
167 51308
168 48616
169 16608
170 20910
171 47560
172 1844
173 8985
174 63726
175 9977
176 21967
177 26
178 11423
179 15092
180 60970
181 15292
182 30749
183 6105
184 5564
185 34693
186 2923
187 23104
188 36962
189 31309
190 33757
191 47722
192 25161
193 2004
194 61430
195 64383
196 33527
197 30212
198 49783
199 32971
200 63347
201 31352
202 49536
203 17022
204 46435
205 33425
206 58810
207 5841
208 34847
209 14989
210 48045
211 25157
212 28773
213 17223
214 63702
215 35855
216 20550
217 38336
218 23435
219 62688
220 31798
221 13393
222 34736
223 13319
224 59514
225 56536
226 9837
227 15096
228 8021
229 52834
230 24526
231 21199
232 48811
233 17634
234 45103
235 46054
236 32351
237 18211
238 34827
239 63715
240 55978
241 63663
242 62232
243 63673
244 48770
245 28323
246 1982
247 37992
248 758
249 44767
250 3094
251 22785
252 3500
253 13426
254 14838
255 57707
256 63950
257 40007
258 59566
259 1331
260 16545
261 63495
262 58808
263 39939
264 14820
265 44656
266 57257
267 2214
268 58798
269 19089
270 11765
271 21805
272 14539
273 20105
274 24997
275 28738
276 35420
277 23901
278 47864
279 19768
280 7249
281 56764
282 9856
283 40745
284 4033
285 36434
286 20820
287 5143
288 50419
289 37770
290 18804
291 6584
292 34738
293 31869
294 13169
295 56205
296 3563
297 49110
298 26962
299 26728
300 12816
