# prime 65183 300
# engine av12453_gemm_split storage u16 threads 8 prune 1
0 1
1 1
2 2
3 6
4 24
5 119
6 694
7 4581
8 33286
9 195
10 23359
11 19622
12 56258
13 45895
14 5934
15 22016
16 42959
17 25627
18 43507
19 17554
20 19312
21 34765
22 5262
23 26567
24 41970
25 54609
26 24015
27 27491
28 26024
29 53238
30 24001
31 57040
32 4492
33 25313
34 38443
35 30401
36 31736
37 52741
38 31368
39 55176
40 61087
41 60080
42 48835
43 57837
44 43
45 8448
46 35854
47 58340
48 32734
49 9146
50 20271
51 38305
52 63751
53 53565
54 27004
55 57645
56 34092
57 8879
58 56601
59 26806
60 40822
61 12568
62 22932
63 20416
64 2710
65 28266
66 6475
67 49230
68 27761
69 54747
70 8778
71 52087
72 16162
73 30582
74 42529
75 28262
76 37960
77 14134
78 51130
79 57019
80 25408
81 37724
82 31240
83 9723
84 55072
85 5691
86 22992
87 712
88 11612
89 9407
90 49908
91 42508
92 22395
93 2874
94 56997
95 17485
96 13130
97 50843
98 52493
99 28441
100 37080
101 57494
102 2699
103 48464
104 28786
105 33882
106 14835
107 48365
108 17059
109 34557
110 58186
111 59822
112 24311
113 13854
114 39287
115 48095
116 35709
117 42147
118 61041
119 61099
120 52913
121 44656
122 50821
123 43969
124 1631
125 3382
126 20903
127 33192
128 45207
129 52021
130 12332
131 46154
132 33166
133 42151
134 11279
135 16415
136 15272
137 14284
138 56818
139 43605
140 19233
141 61558
142 17747
143 50098
144 42017
145 45149
146 39169
147 33091
148 10854
149 23363
150 25882
151 49460
152 44350
153 29519
154 43958
155 23850
156 3606
157 26644
158 52591
159 25741
160 13897
161 35186
162 14691
163 4009
164 45867
165 39687
166 21022
167 24202
168 577
169 45845
170 51435
171 55819
172 22393
173 47718
174 28371
175 62193
176 36298
177 64048
178 26965
179 59997
180 33
181 49035
182 17753
183 14733
184 47926
185 40666
186 12545
187 3749
188 39407
189 11243
190 49027
191 10997
192 41661
193 536
194 24303
195 4217
196 31407
197 37578
198 49542
199 59155
200 46694
201 24034
202 28373
203 16334
204 29698
205 30380
206 60048
207 58764
208 41201
209 3963
210 38631
211 12896
212 43016
213 21771
214 12166
215 58094
216 61458
217 47848
218 32971
219 19180
220 61212
221 37883
222 2024
223 39257
224 34975
225 4591
226 10413
227 26855
228 11863
229 58510
230 18525
231 38560
232 9753
233 64038
234 58096
235 58653
236 25513
237 53823
238 58715
239 61214
240 17140
241 40397
242 58121
243 27980
244 46099
245 41540
246 12100
247 12930
248 8401
249 20666
250 58377
251 107
252 54129
253 16007
254 6581
255 41423
256 7330
257 32513
258 59620
259 15126
260 23120
261 51344
262 60615
263 32390
264 29099
265 17627
266 31050
267 7698
268 40450
269 10799
270 15674
271 7844
272 40566
273 51946
274 23449
275 30376
276 51394
277 24952
278 51096
279 28377
280 24051
281 36748
282 54347
283 26427
284 44052
285 2448
286 29002
287 27135
288 61119
289 40310
290 418
291 553
292 57068
293 37451
294 54946
295 34435
296 62177
297 50430
298 61949
299 57411
300 62378
