# prime 65203 300
# engine av12453_gemm_split storage u16 threads 8 prune 1
0 1
1 1
2 2
3 6
4 24
5 119
6 694
7 4581
8 33286
9 115
10 22699
11 13782
12 2858
13 61819
14 25882
15 58133
16 64870
17 57472
18 20618
19 63514
20 30942
21 35952
22 20208
23 43917
24 45956
25 38990
26 19717
27 51148
28 49334
29 58502
30 59023
31 34136
32 48957
33 22681
34 10927
35 61328
36 13535
37 57770
38 41967
39 23449
40 64019
41 23467
42 22505
43 53871
44 8007
45 948
46 1953
47 18241
48 62544
49 28134
50 17068
51 64764
52 42160
53 8733
54 6842
55 56385
56 32897
57 42408
58 5912
59 59457
60 46049
61 36564
62 64156
63 56840
64 60988
65 52562
66 50195
67 11475
68 62475
69 54900
70 38841
71 18954
72 46866
73 30267
74 8024
75 35514
76 35489
77 2082
78 49675
79 42376
80 58565
81 4397
82 30366
83 32353
84 33529
85 56189
86 34278
87 20816
88 56994
89 60496
90 20456
91 42908
92 29827
93 61965
94 13737
95 62786
96 8554
97 53766
98 31457
99 45226
100 44400
101 34585
102 12882
103 45236
104 28071
105 10549
106 57315
107 59322
108 39103
109 21077
110 20959
111 39701
112 7396
113 16602
114 3514
115 59863
116 29192
117 59083
118 15803
119 37305
120 22060
121 38425
122 42260
123 6933
124 50591
125 60603
126 49317
127 34052
128 44072
129 36825
130 27792
131 30991
132 55889
133 30732
134 7472
135 63104
136 62426
137 54185
138 34497
139 6114
140 48245
141 20492
142 4217
143 41833
144 12887
145 4451
146 58667
147 12239
148 15380
149 15536
150 11331
151 23743
152 15461
153 34575
154 5452
155 52489
156 10184
157 41633
158 15985
159 11801
160 50863
161 56103
162 61351
163 6378
164 58160
165 30407
166 1040
167 49572
168 12910
169 17817
170 29844
171 2832
172 19077
173 62701
174 26588
175 48207
176 6853
177 45578
178 15383
179 48502
180 28071
181 30609
182 33433
183 56085
184 51638
185 34667
186 13115
187 8195
188 47029
189 63645
190 17106
191 9213
192 56943
193 8067
194 8686
195 32859
196 44619
197 58198
198 30606
199 60907
200 48336
201 27217
202 17859
203 36807
204 56112
205 10119
206 34398
207 12311
208 5236
209 60627
210 6294
211 43914
212 18213
213 52398
214 10477
215 5223
216 38529
217 27017
218 1330
219 55019
220 38921
221 63794
222 13112
223 11119
224 44371
225 21706
226 3433
227 51170
228 40201
229 52996
230 36386
231 27225
232 4922
233 25265
234 60993
235 21743
236 39320
237 44843
238 49559
239 18963
240 36040
241 45568
242 36267
243 48941
244 7229
245 49277
246 45865
247 33909
248 24173
249 7796
250 44181
251 43116
252 23820
253 62824
254 41921
255 49045
256 5239
257 39056
258 61317
259 378
260 11423
261 9305
262 24051
263 23324
264 29233
265 57525
266 58784
267 1549
268 58190
269 46648
270 18717
271 50507
272 18642
273 12129
274 5609
275 45292
276 44945
277 11748
278 26781
279 30357
280 56665
281 64387
282 26065
283 42914
284 37057
285 55378
286 10072
287 58685
288 55567
289 40368
290 39382
291 16128
292 21606
293 37980
294 39702
295 22911
296 11119
297 34075
298 28266
299 62821
300 21073
