# prime 65213 300
# engine av12453_gemm_split storage u16 threads 8 prune 1
0 1
1 1
2 2
3 6
4 24
5 119
6 694
7 4581
8 33286
9 75
10 22369
11 10862
12 41371
13 4688
14 36996
15 54970
16 29448
17 22366
18 4435
19 50314
20 4269
21 23701
22 30867
23 14890
24 20345
25 50354
26 24351
27 36381
28 47702
29 14219
30 57121
31 27063
32 37706
33 41359
34 56998
35 38950
36 39961
37 46463
38 5651
39 46466
40 3296
41 4136
42 62239
43 38396
44 20778
45 51346
46 61810
47 33619
48 25236
49 13364
50 17835
51 36073
52 42825
53 14994
54 19863
55 4517
56 42382
57 11411
58 56357
59 33965
60 59546
61 17352
62 59873
63 39064
64 10786
65 19858
66 33484
67 28619
68 9022
69 51921
70 29817
71 49119
72 35866
73 15233
74 33699
75 21126
76 60919
77 17235
78 22180
79 52047
80 23750
81 54167
82 46779
83 37754
84 56077
85 44096
86 199
87 22949
88 51727
89 9867
90 61551
91 53276
92 37140
93 35895
94 57169
95 57053
96 27601
97 30627
98 65137
99 60369
100 37275
101 39807
102 8700
103 19883
104 38097
105 47771
106 57963
107 30137
108 23071
109 64140
110 54882
111 54945
112 9123
113 13494
114 9420
115 31766
116 1098
117 64481
118 47852
119 46690
120 26358
121 15998
122 10976
123 50463
124 19294
125 60639
126 26783
127 9822
128 12470
129 28254
130 22187
131 21805
132 51119
133 21092
134 57248
135 24864
136 60519
137 47391
138 40711
139 32719
140 41515
141 38619
142 25570
143 47880
144 38433
145 63313
146 26122
147 15971
148 56175
149 23102
150 6577
151 32659
152 7983
153 10714
154 4548
155 33406
156 29269
157 21861
158 14980
159 57633
160 2811
161 64723
162 27023
163 32550
164 24794
165 26311
166 54254
167 17328
168 49464
169 17725
170 34148
171 32736
172 28239
173 38432
174 5257
175 58950
176 1098
177 44418
178 23502
179 49155
180 55585
181 10166
182 48397
183 22529
184 17037
185 60253
186 18296
187 37617
188 36046
189 5125
190 10351
191 8784
192 14985
193 20915
194 49672
195 55508
196 24112
197 12533
198 26683
199 14312
200 36176
201 21351
202 12973
203 61945
204 5625
205 36709
206 31423
207 52357
208 41907
209 61235
210 45704
211 54188
212 32450
213 36145
214 33517
215 7062
216 50552
217 56448
218 40861
219 23983
220 38219
221 53395
222 60328
223 31516
224 28328
225 47767
226 20345
227 16138
228 64563
229 35907
230 34028
231 8074
232 25985
233 46244
234 5172
235 7379
236 16100
237 54023
238 14846
239 35202
240 60369
241 11401
242 2352
243 59249
244 46473
245 52754
246 25549
247 15195
248 1125
249 11465
250 43744
251 54003
252 8772
253 56764
254 13098
255 12127
256 17132
257 15677
258 53797
259 4666
260 47165
261 4558
262 50088
263 34749
264 65145
265 58680
266 37297
267 26166
268 48268
269 64190
270 23123
271 1949
272 25697
273 19680
274 6014
275 10661
276 62714
277 14302
278 31147
279 43272
280 53971
281 4968
282 64358
283 3815
284 3626
285 56893
286 41196
287 12185
288 6034
289 56741
290 54790
291 4673
292 47248
293 23913
294 46914
295 37174
296 20246
297 1442
298 38357
299 13926
300 47844
