# prime 65239 300
# engine av12453_gemm_split storage u16 threads 8 prune 1
0 1
1 1
2 2
3 6
4 24
5 119
6 694
7 4581
8 33286
9 65210
10 21511
11 3270
12 37216
13 65193
14 17258
15 56125
16 981
17 32040
18 45806
19 60677
20 40896
21 11944
22 30247
23 11167
24 60311
25 9304
26 55900
27 986
28 33601
29 59510
30 2412
31 18292
32 27284
33 61987
34 61156
35 821
36 45085
37 33192
38 25655
39 16610
40 17946
41 25705
42 50343
43 49916
44 48902
45 23315
46 10617
47 28108
48 8252
49 21413
50 47143
51 31362
52 27994
53 25900
54 6183
55 52818
56 52404
57 1478
58 65138
59 18211
60 11580
61 34357
62 42646
63 60964
64 42672
65 24427
66 5004
67 21203
68 61270
69 9389
70 1905
71 14354
72 21796
73 62231
74 12772
75 24054
76 62482
77 53407
78 50367
79 27243
80 16464
81 9997
82 41448
83 48655
84 5774
85 20339
86 11078
87 8672
88 54494
89 49597
90 52538
91 56670
92 17490
93 31249
94 51079
95 20441
96 55644
97 57402
98 45366
99 51295
100 39626
101 45598
102 40409
103 4345
104 60247
105 16380
106 225
107 29341
108 53056
109 58966
110 24512
111 16338
112 20849
113 4785
114 1777
115 45038
116 46171
117 16176
118 37058
119 50167
120 6334
121 105
122 53385
123 64048
124 747
125 59184
126 27897
127 65162
128 54480
129 38411
130 872
131 56043
132 7829
133 48093
134 27026
135 31534
136 133
137 21251
138 4373
139 25429
140 12466
141 14903
142 4583
143 57980
144 29303
145 6666
146 22863
147 27457
148 63286
149 1417
150 60418
151 32975
152 58912
153 30632
154 57106
155 62317
156 20621
157 22025
158 64581
159 61871
160 28543
161 57918
162 35911
163 1682
164 4075
165 11760
166 781
167 56840
168 26890
169 23166
170 37344
171 25628
172 54081
173 58201
174 16285
175 32864
176 36132
177 30073
178 27505
179 42873
180 25022
181 62081
182 14032
183 37082
184 18154
185 14231
186 52865
187 62598
188 61017
189 39616
190 24622
191 56635
192 13644
193 25401
194 6499
195 38971
196 16891
197 29039
198 47234
199 48718
200 37595
201 64590
202 34475
203 39642
204 61554
205 53756
206 523
207 11285
208 1885
209 5515
210 62410
211 21869
212 18197
213 39201
214 3507
215 44324
216 20876
217 58041
218 61658
219 19326
220 13718
221 41587
222 34751
223 56605
224 45884
225 14941
226 20106
227 11010
228 26353
229 9790
230 20047
231 12467
232 15942
233 6687
234 13072
235 33284
236 50993
237 32437
238 40043
239 14371
240 40989
241 1261
242 28640
243 53004
244 30804
245 60592
246 62779
247 46345
248 33202
249 17604
250 24325
251 56356
252 31273
253 63893
254 31475
255 58101
256 387
257 21469
258 16484
259 17885
260 53192
261 12353
262 15378
263 27140
264 60901
265 10066
266 12056
267 38874
268 53778
269 38232
270 26420
271 28216
272 40592
273 26594
274 15470
275 24292
276 45576
277 13967
278 45580
279 50876
280 59616
281 65181
282 8738
283 7608
284 6607
285 53543
286 12062
287 45161
288 51528
289 31778
290 39705
291 18065
292 5950
293 15546
294 10677
295 41666
296 56503
297 32757
298 12986
299 5434
300 46422
