# prime 65257 300
# engine av12453_gemm_split storage u16 threads 8 prune 1
0 1
1 1
2 2
3 6
4 24
5 119
6 694
7 4581
8 33286
9 65156
10 20917
11 63271
12 54449
13 2001
14 16618
15 26692
16 52975
17 55300
18 3262
19 18975
20 36434
21 62335
22 24183
23 54875
24 54782
25 43363
26 55098
27 40854
28 26601
29 18883
30 57542
31 17466
32 46587
33 54265
34 3538
35 49533
36 62573
37 22293
38 21973
39 36979
40 57387
41 24291
42 63993
43 20420
44 57087
45 31804
46 24254
47 10743
48 50926
49 41988
50 1756
51 29248
52 62765
53 8995
54 20988
55 21631
56 45466
57 17317
58 21623
59 19954
60 5180
61 3787
62 61037
63 47288
64 61671
65 14221
66 17328
67 1680
68 48647
69 34203
70 26953
71 58251
72 38828
73 2072
74 4958
75 60423
76 44480
77 35905
78 47939
79 42473
80 31785
81 7645
82 15089
83 42665
84 46644
85 56588
86 23572
87 59968
88 40734
89 502
90 12406
91 47173
92 56959
93 51689
94 65099
95 34469
96 56018
97 26876
98 43321
99 47687
100 56109
101 8841
102 17428
103 27145
104 52124
105 42662
106 20634
107 18050
108 39456
109 49068
110 15816
111 11277
112 3007
113 36155
114 28329
115 18706
116 47583
117 33619
118 48443
119 25433
120 47387
121 24838
122 43294
123 21215
124 63184
125 5738
126 32665
127 32054
128 57786
129 29906
130 4490
131 59685
132 44859
133 6212
134 41684
135 37159
136 30386
137 52792
138 15518
139 46363
140 60501
141 7713
142 44969
143 10234
144 18616
145 42285
146 35851
147 64870
148 37340
149 48645
150 5198
151 59637
152 45062
153 24191
154 33211
155 2903
156 40831
157 12672
158 50744
159 9041
160 31404
161 9252
162 48382
163 58284
164 13616
165 37103
166 57646
167 63269
168 15538
169 56673
170 29700
171 59782
172 16026
173 19660
174 39665
175 48961
176 37583
177 5758
178 30365
179 7315
180 14055
181 11155
182 39126
183 46804
184 51196
185 33433
186 64918
187 1980
188 12427
189 40722
190 47943
191 27294
192 26407
193 49788
194 37848
195 28572
196 4525
197 18550
198 29652
199 16713
200 54770
201 25007
202 42598
203 20343
204 40069
205 51500
206 6159
207 51609
208 52746
209 11968
210 7615
211 3393
212 30581
213 45752
214 31898
215 32056
216 56762
217 25019
218 42732
219 33504
220 58023
221 21982
222 49591
223 41781
224 37519
225 25866
226 44577
227 4567
228 62039
229 30412
230 51028
231 32234
232 17843
233 35148
234 45934
235 60027
236 17446
237 10515
238 16913
239 24001
240 560
241 58602
242 43903
243 56110
244 64001
245 37548
246 52858
247 59347
248 17377
249 47501
250 34092
251 62704
252 25671
253 64305
254 51898
255 64835
256 3020
257 17397
258 59565
259 20379
260 1014
261 45358
262 53984
263 48667
264 28235
265 14809
266 39579
267 19105
268 30282
269 27443
270 9415
271 64726
272 24200
273 54775
274 29248
275 35766
276 46601
277 1897
278 46952
279 16465
280 50679
281 30211
282 53132
283 56591
284 58163
285 8825
286 20985
287 31183
288 36055
289 26955
290 4677
291 17987
292 58130
293 14124
294 27298
295 52298
296 29954
297 26889
298 23426
299 23956
300 48470
