# prime 65267 300
# engine av12453_gemm_split storage u16 threads 8 prune 1
0 1
1 1
2 2
3 6
4 24
5 119
6 694
7 4581
8 33286
9 65126
10 20587
11 60361
12 27779
13 10499
14 31824
15 64445
16 45525
17 37997
18 37513
19 30518
20 17696
21 37185
22 32153
23 27758
24 6598
25 41323
26 45472
27 31393
28 30862
29 14092
30 4883
31 56277
32 48157
33 37911
34 15584
35 37721
36 58058
37 2888
38 8424
39 36951
40 42445
41 3139
42 20866
43 21289
44 57224
45 24311
46 60726
47 35148
48 9330
49 26807
50 48023
51 14441
52 39975
53 21014
54 43142
55 19162
56 16108
57 4586
58 6579
59 27434
60 48190
61 13178
62 19773
63 23898
64 19447
65 33761
66 38988
67 60064
68 25983
69 59518
70 34378
71 22012
72 56574
73 33628
74 50267
75 58791
76 3426
77 37412
78 61210
79 19677
80 10057
81 12985
82 51095
83 11621
84 15588
85 11721
86 51042
87 2853
88 41488
89 50563
90 62566
91 61094
92 59722
93 28461
94 13955
95 19574
96 46854
97 20640
98 13929
99 7586
100 52704
101 48617
102 9255
103 1735
104 6234
105 39166
106 53003
107 2545
108 60109
109 39493
110 11000
111 33759
112 61979
113 37082
114 55808
115 50772
116 15220
117 55508
118 62328
119 64604
120 9094
121 59508
122 18307
123 51976
124 34477
125 43151
126 12178
127 42638
128 18280
129 40392
130 17948
131 2464
132 5848
133 15209
134 24801
135 6658
136 27008
137 4968
138 6903
139 14482
140 60533
141 27821
142 40665
143 6206
144 52431
145 30842
146 43176
147 30644
148 17222
149 56776
150 41638
151 31430
152 11731
153 51443
154 3539
155 53725
156 27340
157 27587
158 1392
159 63165
160 47195
161 45288
162 39362
163 52594
164 46416
165 26064
166 3328
167 890
168 61736
169 44257
170 52610
171 22901
172 18190
173 63041
174 24496
175 21775
176 3538
177 9947
178 52876
179 18088
180 53700
181 39768
182 37209
183 55890
184 2012
185 49345
186 6811
187 17523
188 200
189 48553
190 64753
191 24200
192 59451
193 59140
194 58287
195 64045
196 25019
197 26680
198 15277
199 57113
200 63627
201 46772
202 23643
203 17336
204 57495
205 8557
206 50846
207 528
208 59266
209 53837
210 1971
211 42353
212 39015
213 49080
214 41759
215 64021
216 55913
217 1176
218 35578
219 56842
220 8998
221 54189
222 62462
223 51969
224 40556
225 32876
226 37489
227 32965
228 62003
229 55944
230 16841
231 64495
232 29199
233 23700
234 56149
235 63011
236 60344
237 44017
238 1447
239 58183
240 27799
241 63577
242 41885
243 47898
244 2527
245 14080
246 8552
247 37015
248 10941
249 354
250 50708
251 56199
252 30850
253 22839
254 16712
255 46199
256 14369
257 38873
258 25654
259 13055
260 35309
261 13815
262 25060
263 40812
264 40278
265 20798
266 42322
267 64140
268 27874
269 53044
270 46939
271 5242
272 50867
273 43415
274 21786
275 45643
276 29307
277 41281
278 43896
279 58212
280 34207
281 57728
282 42003
283 22878
284 39418
285 53100
286 33203
287 16475
288 55724
289 53258
290 46609
291 34791
292 16090
293 19414
294 29217
295 6582
296 60517
297 27024
298 51720
299 55679
300 12114
