# prime 65269 300
# engine av12453_gemm_split storage u16 threads 8 prune 1
0 1
1 1
2 2
3 6
4 24
5 119
6 694
7 4581
8 33286
9 65120
10 20521
11 59779
12 22445
13 25262
14 61064
15 20690
16 53347
17 53656
18 64390
19 61714
20 27241
21 29340
22 40863
23 47558
24 60713
25 20818
26 41935
27 20852
28 64056
29 37337
30 17111
31 26464
32 32363
33 27053
34 50461
35 24116
36 61441
37 34251
38 18743
39 17346
40 9606
41 55505
42 4632
43 61719
44 56989
45 36656
46 49286
47 29393
48 22988
49 8664
50 49539
51 35818
52 53032
53 44054
54 10478
55 54863
56 38359
57 17967
58 35181
59 16850
60 6877
61 52981
62 28211
63 42709
64 60107
65 64398
66 38841
67 32532
68 14047
69 9472
70 25790
71 59891
72 65203
73 55900
74 1554
75 21203
76 993
77 60799
78 19314
79 35051
80 18875
81 28107
82 33280
83 50748
84 35133
85 12241
86 10279
87 38234
88 32886
89 62758
90 21204
91 52890
92 14447
93 6799
94 26249
95 49550
96 47308
97 29989
98 29388
99 87
100 24238
101 32063
102 13133
103 45837
104 32181
105 3293
106 61181
107 29601
108 24681
109 40488
110 12760
111 43232
112 60264
113 54622
114 1676
115 42949
116 410
117 5683
118 55144
119 10619
120 41787
121 45296
122 31371
123 16165
124 3697
125 50665
126 52636
127 63452
128 10332
129 32801
130 52190
131 17834
132 9184
133 57681
134 4218
135 1662
136 45218
137 43625
138 30043
139 51186
140 28507
141 19415
142 5325
143 48226
144 12258
145 50763
146 56190
147 4597
148 16876
149 16033
150 30890
151 50049
152 54994
153 44689
154 6991
155 58411
156 41031
157 40285
158 23784
159 56758
160 2884
161 116
162 23325
163 15436
164 45191
165 8738
166 52335
167 53424
168 51335
169 57895
170 2316
171 23082
172 19992
173 36755
174 20905
175 21991
176 54947
177 52610
178 47220
179 52255
180 20592
181 57698
182 20923
183 27440
184 30242
185 40762
186 57415
187 14509
188 48917
189 17391
190 56786
191 60024
192 47946
193 13993
194 3645
195 42501
196 34527
197 38231
198 12185
199 54762
200 40494
201 27090
202 12590
203 20353
204 13075
205 47339
206 1106
207 10098
208 43080
209 316
210 50024
211 45504
212 45754
213 40798
214 31355
215 21242
216 54830
217 21852
218 16140
219 40853
220 847
221 59889
222 36834
223 24222
224 64236
225 385
226 56576
227 51813
228 11313
229 38935
230 23597
231 24739
232 7256
233 24974
234 57155
235 16124
236 56864
237 7946
238 7481
239 47204
240 2301
241 14238
242 9309
243 52777
244 3052
245 3827
246 19315
247 44345
248 29338
249 11337
250 48700
251 3416
252 2141
253 20791
254 41868
255 22864
256 36471
257 46696
258 8447
259 61271
260 62910
261 63767
262 53609
263 3229
264 26144
265 35283
266 44125
267 45573
268 28815
269 32435
270 24068
271 51199
272 32248
273 25968
274 20896
275 47434
276 51329
277 7748
278 8738
279 9268
280 5460
281 19931
282 40164
283 20143
284 8938
285 55007
286 34779
287 41316
288 5233
289 28960
290 19360
291 6058
292 25049
293 39108
294 59537
295 1902
296 57308
297 53565
298 38214
299 23843
300 21787
