# prime 65287 300
# engine av12453_gemm_split storage u16 threads 8 prune 1
0 1
1 1
2 2
3 6
4 24
5 119
6 694
7 4581
8 33286
9 65066
10 19927
11 54541
12 39726
13 27735
14 64516
15 32117
16 2277
17 23832
18 12082
19 45609
20 48628
21 33549
22 33064
23 31974
24 57827
25 55213
26 44534
27 47078
28 63494
29 42193
30 34476
31 33812
32 14202
33 32547
34 25618
35 53407
36 10067
37 44991
38 36465
39 60734
40 38507
41 11164
42 47817
43 45780
44 4433
45 36716
46 23140
47 52641
48 49916
49 30768
50 60727
51 916
52 58580
53 59685
54 54831
55 37992
56 21971
57 17232
58 26877
59 54084
60 56066
61 17598
62 11064
63 60036
64 542
65 63902
66 14708
67 58930
68 44825
69 9513
70 21269
71 61186
72 15632
73 21233
74 59069
75 53355
76 47561
77 59109
78 62262
79 29511
80 47261
81 5588
82 7286
83 56919
84 47444
85 47092
86 60129
87 53062
88 33000
89 37556
90 27478
91 46848
92 15770
93 39557
94 4418
95 62099
96 45604
97 45999
98 7202
99 38660
100 3363
101 61879
102 41877
103 37183
104 23805
105 23379
106 48490
107 6303
108 7082
109 3926
110 41419
111 20635
112 34557
113 30819
114 44127
115 31234
116 6951
117 36882
118 58758
119 47934
120 59451
121 25712
122 7871
123 52569
124 57851
125 682
126 62475
127 4405
128 47767
129 53409
130 20126
131 47301
132 31407
133 8243
134 4174
135 54704
136 8857
137 60256
138 18102
139 13867
140 10300
141 58272
142 48808
143 15627
144 27892
145 51309
146 17506
147 4339
148 33758
149 21322
150 49164
151 55850
152 616
153 63882
154 49261
155 32778
156 36162
157 34748
158 3970
159 22908
160 13411
161 17369
162 37357
163 22218
164 34223
165 55759
166 19251
167 65046
168 28886
169 42964
170 65238
171 42819
172 18154
173 47210
174 24759
175 20318
176 50766
177 37428
178 44349
179 63284
180 42572
181 63633
182 44826
183 6025
184 37906
185 35653
186 18245
187 28105
188 19478
189 19263
190 3750
191 40827
192 53425
193 37424
194 6070
195 45372
196 21212
197 54208
198 25070
199 21921
200 50404
201 44157
202 17066
203 45619
204 44132
205 25996
206 59096
207 33097
208 41484
209 187
210 42904
211 33586
212 55085
213 20714
214 20443
215 28349
216 51453
217 64815
218 41492
219 14297
220 64392
221 31818
222 40073
223 37887
224 25938
225 16822
226 31935
227 16124
228 3186
229 14217
230 1369
231 56932
232 43498
233 52082
234 3862
235 21861
236 26192
237 35507
238 61052
239 44782
240 3017
241 27908
242 42496
243 60270
244 39185
245 30708
246 40424
247 16746
248 1137
249 4317
250 46744
251 5005
252 25331
253 52309
254 33071
255 59387
256 17508
257 5202
258 54144
259 57908
260 54176
261 33643
262 21038
263 29990
264 8394
265 18820
266 22526
267 10997
268 8793
269 32460
270 17118
271 17012
272 15932
273 14090
274 24106
275 18093
276 33202
277 17324
278 23477
279 43290
280 11115
281 47353
282 8894
283 50872
284 47206
285 39796
286 13524
287 26600
288 17754
289 61591
290 63849
291 55580
292 33759
293 60490
294 49674
295 25341
296 9116
297 4842
298 7340
299 14577
300 34116
