# prime 65293 300
# engine av12453_gemm_split storage u16 threads 8 prune 1
0 1
1 1
2 2
3 6
4 24
5 119
6 694
7 4581
8 33286
9 65048
10 19729
11 52795
12 23730
13 6851
14 22682
15 41374
16 62858
17 32386
18 18083
19 33880
20 35208
21 57663
22 38285
23 35600
24 18463
25 7436
26 41592
27 19120
28 50269
29 40780
30 9320
31 39221
32 25172
33 743
34 20994
35 64884
36 5813
37 50208
38 47834
39 15959
40 46077
41 28993
42 21583
43 60410
44 32419
45 3660
46 10762
47 52862
48 55354
49 4662
50 24416
51 19650
52 40849
53 47129
54 46288
55 18785
56 33
57 35673
58 22382
59 57311
60 38914
61 59826
62 52668
63 33123
64 36752
65 56340
66 63919
67 41712
68 24919
69 4869
70 26730
71 49338
72 16499
73 60414
74 45703
75 42296
76 5336
77 22196
78 56299
79 29678
80 31020
81 55081
82 10804
83 23185
84 15147
85 54160
86 34065
87 37164
88 29876
89 50917
90 15051
91 38828
92 10962
93 28035
94 51345
95 39980
96 44429
97 20509
98 57013
99 1838
100 28298
101 15849
102 45853
103 22214
104 62607
105 32496
106 3370
107 1065
108 24651
109 53999
110 1708
111 24358
112 51984
113 58017
114 36555
115 30048
116 5858
117 6082
118 23474
119 8811
120 23652
121 40594
122 53071
123 39819
124 45758
125 62337
126 28312
127 55574
128 49153
129 47111
130 9748
131 35019
132 6583
133 29864
134 15321
135 18675
136 59697
137 14248
138 29690
139 31486
140 10172
141 57783
142 24454
143 4436
144 58523
145 22641
146 45922
147 15599
148 9594
149 50099
150 37232
151 19913
152 34749
153 30167
154 30188
155 29756
156 15132
157 12095
158 41469
159 37026
160 43198
161 4041
162 19631
163 46551
164 49490
165 4512
166 10579
167 43441
168 59848
169 14535
170 35541
171 11108
172 22938
173 46809
174 48291
175 14586
176 39370
177 30822
178 14227
179 25222
180 43085
181 56704
182 43295
183 57597
184 57398
185 59875
186 59801
187 17720
188 60103
189 37639
190 43123
191 29437
192 56792
193 46306
194 8900
195 11393
196 45684
197 27107
198 34572
199 27590
200 54909
201 33443
202 37887
203 57663
204 39388
205 3217
206 19006
207 17303
208 21482
209 23442
210 29486
211 35231
212 9166
213 31822
214 47477
215 2467
216 18780
217 1300
218 44834
219 26630
220 1773
221 14104
222 40334
223 5750
224 16668
225 52680
226 64383
227 18434
228 33012
229 58208
230 12273
231 40557
232 39939
233 36512
234 27616
235 53890
236 8676
237 353
238 155
239 24763
240 46324
241 29382
242 23580
243 54768
244 6272
245 54003
246 63362
247 59411
248 22684
249 9600
250 46985
251 9686
252 10927
253 24762
254 36104
255 59678
256 43804
257 36869
258 35934
259 47517
260 50126
261 10648
262 23957
263 62433
264 7523
265 17553
266 828
267 46667
268 54191
269 16246
270 40098
271 53033
272 36515
273 61705
274 60489
275 16986
276 31745
277 61609
278 21431
279 53082
280 53373
281 47036
282 16369
283 46944
284 60088
285 24669
286 34268
287 53497
288 23142
289 14052
290 2018
291 30770
292 50592
293 49671
294 17106
295 52511
296 11038
297 26101
298 16109
299 6608
300 13098
