# prime 65309 300
# engine av12453_gemm_split storage u16 threads 8 prune 1
0 1
1 1
2 2
3 6
4 24
5 119
6 694
7 4581
8 33286
9 65000
10 19201
11 48139
12 46383
13 60126
14 64803
15 57607
16 12610
17 2806
18 53061
19 57821
20 8207
21 56130
22 20825
23 10382
24 60643
25 22702
26 51366
27 54516
28 15403
29 15680
30 13069
31 17641
32 42109
33 33132
34 5792
35 1396
36 13093
37 22914
38 54639
39 35924
40 58847
41 21567
42 49342
43 57636
44 25259
45 14071
46 55616
47 48718
48 15139
49 53632
50 53868
51 41017
52 18702
53 48371
54 60970
55 18495
56 58337
57 47485
58 60892
59 12348
60 3947
61 36041
62 30762
63 37830
64 61279
65 57994
66 28362
67 58701
68 35815
69 10256
70 41460
71 41329
72 27035
73 51462
74 52973
75 65039
76 54448
77 25218
78 8314
79 62334
80 61712
81 29733
82 52777
83 25953
84 45658
85 5202
86 29327
87 45636
88 20823
89 38796
90 26793
91 42071
92 58033
93 32068
94 21913
95 55233
96 40016
97 49116
98 34111
99 56256
100 37594
101 9875
102 7799
103 15999
104 43950
105 65155
106 3527
107 63397
108 13673
109 26210
110 1071
111 10554
112 38981
113 26993
114 49428
115 51942
116 37335
117 23388
118 51922
119 56749
120 24436
121 7228
122 4410
123 20582
124 22334
125 20375
126 37769
127 18777
128 14425
129 19700
130 1804
131 15374
132 53271
133 15203
134 53276
135 40776
136 26484
137 60750
138 3471
139 59351
140 58482
141 53803
142 32515
143 7099
144 51474
145 2706
146 60235
147 54564
148 15662
149 27312
150 2006
151 22656
152 41261
153 58628
154 40974
155 44022
156 52971
157 2526
158 23884
159 23056
160 9010
161 50882
162 15051
163 53086
164 28046
165 20446
166 52820
167 48090
168 55337
169 25226
170 30685
171 47191
172 17054
173 34405
174 31184
175 7326
176 13956
177 32810
178 21127
179 47864
180 44019
181 50340
182 24400
183 22898
184 32230
185 3640
186 9488
187 44015
188 33835
189 56469
190 54844
191 41419
192 23986
193 46233
194 27268
195 58899
196 11503
197 15048
198 42748
199 40866
200 55745
201 64867
202 59104
203 60011
204 51625
205 31619
206 32601
207 58103
208 16771
209 26262
210 43229
211 32279
212 38578
213 60446
214 19734
215 46428
216 22509
217 5090
218 28066
219 34676
220 37631
221 42672
222 30664
223 34998
224 26703
225 42529
226 46079
227 60565
228 39167
229 54092
230 1916
231 28703
232 61885
233 38068
234 28333
235 41941
236 50308
237 46034
238 55103
239 28754
240 47572
241 63014
242 63990
243 49975
244 34674
245 58836
246 12033
247 56866
248 22025
249 32099
250 55201
251 50066
252 16123
253 52314
254 9234
255 16877
256 36235
257 32314
258 51288
259 22577
260 52018
261 51701
262 39145
263 25012
264 27601
265 54723
266 51306
267 12609
268 38385
269 54933
270 11602
271 63800
272 8655
273 27899
274 15315
275 31828
276 26709
277 55175
278 40093
279 62354
280 42142
281 58684
282 6165
283 62315
284 3563
285 34204
286 20561
287 3914
288 46834
289 62588
290 47975
291 26029
292 21912
293 22670
294 63278
295 51592
296 12208
297 4373
298 24584
299 42928
300 46749
