# prime 65327 300
# engine av12453_gemm_split storage u16 threads 8 prune 1
0 1
1 1
2 2
3 6
4 24
5 119
6 694
7 4581
8 33286
9 64946
10 18607
11 42901
12 63740
13 63167
14 8366
15 58181
16 62577
17 1579
18 61711
19 14297
20 10663
21 32151
22 312
23 63152
24 58753
25 28456
26 44683
27 53838
28 10248
29 15283
30 54671
31 44548
32 53945
33 50918
34 26681
35 45077
36 7760
37 720
38 54722
39 11159
40 14236
41 53017
42 16678
43 47391
44 51631
45 53855
46 9116
47 41483
48 27875
49 62568
50 65315
51 38574
52 64622
53 4742
54 42855
55 26065
56 9132
57 27822
58 30100
59 30934
60 43957
61 61040
62 8255
63 56837
64 16303
65 37475
66 56448
67 55536
68 56575
69 32123
70 21806
71 23176
72 16034
73 29079
74 40743
75 55303
76 56141
77 13690
78 38816
79 908
80 50454
81 41451
82 31817
83 28739
84 6580
85 1484
86 57712
87 4982
88 54350
89 14009
90 29129
91 29658
92 4229
93 23315
94 3168
95 57645
96 20707
97 8548
98 20231
99 22628
100 34803
101 12541
102 4476
103 17031
104 6377
105 64178
106 19399
107 64996
108 31504
109 15687
110 12618
111 10334
112 16164
113 25943
114 52409
115 52460
116 52777
117 11417
118 1864
119 42214
120 49421
121 25224
122 57282
123 33074
124 1190
125 53973
126 61570
127 10461
128 28186
129 21264
130 12661
131 42559
132 5088
133 62993
134 22441
135 52367
136 62920
137 31044
138 3487
139 55988
140 44465
141 17910
142 17577
143 12819
144 24440
145 20560
146 64323
147 45422
148 59910
149 39111
150 57535
151 39131
152 40531
153 43651
154 47397
155 13216
156 28619
157 62974
158 14918
159 57392
160 15785
161 36527
162 12941
163 46199
164 57695
165 53312
166 48952
167 63218
168 47132
169 14803
170 50606
171 47788
172 37358
173 43230
174 52469
175 9209
176 61899
177 34081
178 64382
179 46809
180 11931
181 60875
182 49104
183 36611
184 27092
185 37942
186 5196
187 51992
188 33995
189 33530
190 11801
191 15512
192 21051
193 29896
194 51248
195 62049
196 28302
197 15619
198 14065
199 31177
200 9812
201 5462
202 54332
203 59877
204 44430
205 44185
206 26092
207 32382
208 52573
209 65171
210 42305
211 7411
212 65193
213 42190
214 63780
215 39487
216 55596
217 14313
218 55728
219 17515
220 27020
221 48756
222 39202
223 2174
224 59918
225 30261
226 49358
227 28433
228 39119
229 25305
230 34346
231 11842
232 47779
233 7030
234 6698
235 2139
236 35106
237 18060
238 54163
239 20745
240 19748
241 9053
242 10847
243 64522
244 12078
245 39396
246 44583
247 38997
248 22749
249 61506
250 58180
251 23794
252 20461
253 40013
254 23388
255 52352
256 48017
257 65012
258 60481
259 12611
260 35542
261 14982
262 55329
263 6692
264 20065
265 46922
266 53410
267 60539
268 32080
269 46229
270 30696
271 12409
272 62523
273 28697
274 55279
275 31626
276 38472
277 37926
278 59306
279 45313
280 60924
281 8406
282 51316
283 6039
284 2734
285 13804
286 9619
287 10436
288 7448
289 5685
290 3799
291 65150
292 45747
293 44060
294 19743
295 60093
296 8733
297 9982
298 5242
299 10190
300 59463
