# prime 65323 300
# engine av12453_gemm_split storage u16 threads 8 prune 1
0 1
1 1
2 2
3 6
4 24
5 119
6 694
7 4581
8 33286
9 64958
10 18739
11 44065
12 9073
13 33437
14 13441
15 63196
16 747
17 14392
18 22083
19 31884
20 20506
21 53856
22 10635
23 12572
24 62438
25 2190
26 51874
27 44437
28 30764
29 31001
30 828
31 48802
32 7770
33 25550
34 47366
35 57065
36 55907
37 22389
38 13410
39 693
40 50364
41 40666
42 24124
43 51735
44 43818
45 31752
46 52145
47 29196
48 21445
49 37049
50 37988
51 22817
52 65140
53 64886
54 49182
55 12408
56 20947
57 8297
58 54602
59 27781
60 20335
61 51148
62 26442
63 36221
64 32839
65 18255
66 8074
67 28896
68 7622
69 63553
70 41042
71 22852
72 58638
73 51248
74 30428
75 61920
76 1246
77 1940
78 29191
79 3690
80 11420
81 37130
82 51333
83 30795
84 20527
85 2480
86 19374
87 9241
88 33245
89 18081
90 7526
91 3912
92 34195
93 57736
94 5492
95 61844
96 16539
97 1932
98 14222
99 36176
100 58635
101 44517
102 59887
103 50257
104 43775
105 44914
106 24395
107 28321
108 19609
109 41460
110 42914
111 47670
112 19956
113 61412
114 20319
115 56548
116 62312
117 7741
118 50834
119 47281
120 46219
121 15460
122 61758
123 58077
124 12314
125 23127
126 32682
127 42639
128 10375
129 6290
130 8814
131 25837
132 402
133 14120
134 42583
135 26262
136 2301
137 12713
138 40677
139 8038
140 5916
141 36112
142 16412
143 64743
144 63493
145 59882
146 64655
147 45197
148 54710
149 47583
150 64869
151 35245
152 7908
153 53016
154 20177
155 35106
156 36775
157 61138
158 16794
159 53066
160 59278
161 10379
162 57963
163 42243
164 24709
165 63887
166 14963
167 12920
168 3333
169 23333
170 51607
171 46329
172 17961
173 43235
174 51273
175 19837
176 1653
177 63431
178 1327
179 31820
180 23492
181 47647
182 2143
183 17188
184 15377
185 23658
186 19484
187 1650
188 33804
189 16632
190 63267
191 58732
192 54098
193 22546
194 35539
195 42331
196 57966
197 62905
198 48648
199 46581
200 7561
201 35663
202 55795
203 39987
204 23928
205 5216
206 16044
207 47631
208 40498
209 39531
210 44595
211 30304
212 53316
213 27383
214 7934
215 39432
216 2640
217 64759
218 73
219 17751
220 49228
221 41130
222 16918
223 49425
224 42926
225 43438
226 36597
227 36080
228 3205
229 4888
230 32718
231 22815
232 43711
233 59053
234 49707
235 18095
236 59584
237 63774
238 38135
239 16762
240 21783
241 46816
242 50142
243 39949
244 41389
245 27200
246 16266
247 27371
248 34477
249 12732
250 56746
251 39568
252 7286
253 32587
254 58450
255 35056
256 11630
257 59282
258 51718
259 47092
260 47466
261 19379
262 12703
263 26130
264 64490
265 972
266 54179
267 5671
268 38444
269 19944
270 47960
271 50787
272 21034
273 26575
274 28993
275 45262
276 19949
277 35059
278 19959
279 26122
280 20377
281 39140
282 8873
283 43881
284 50051
285 52749
286 45205
287 54685
288 53378
289 24327
290 52052
291 57218
292 51550
293 64576
294 48276
295 52897
296 16323
297 7925
298 27860
299 11504
300 35063
