# prime 65357 300
# engine av12453_gemm_split storage u16 threads 8 prune 1
0 1
1 1
2 2
3 6
4 24
5 119
6 694
7 4581
8 33286
9 64856
10 17617
11 34171
12 49177
13 25224
14 6807
15 26395
16 6554
17 19321
18 21038
19 3863
20 36053
21 53759
22 56983
23 64384
24 46943
25 57028
26 23500
27 25633
28 56676
29 46927
30 48990
31 11925
32 43337
33 22167
34 44464
35 9452
36 20521
37 31755
38 54159
39 56933
40 22822
41 49147
42 43659
43 20567
44 3339
45 38452
46 38354
47 31984
48 12336
49 2880
50 56481
51 1318
52 53966
53 48685
54 35307
55 2099
56 47448
57 55940
58 47330
59 11688
60 58962
61 13500
62 44823
63 64050
64 41565
65 37995
66 48348
67 30577
68 56754
69 36783
70 22431
71 20730
72 24717
73 38721
74 64282
75 30248
76 26746
77 24497
78 15552
79 19100
80 52571
81 58594
82 43491
83 57357
84 47642
85 36351
86 58332
87 54896
88 11762
89 50675
90 40615
91 4789
92 18379
93 5486
94 60232
95 12494
96 57984
97 2272
98 16065
99 20509
100 21860
101 59065
102 33814
103 18346
104 42779
105 24559
106 45338
107 51616
108 13961
109 30352
110 15621
111 42169
112 28046
113 51078
114 15621
115 36961
116 54988
117 27789
118 44947
119 49238
120 47675
121 57145
122 21253
123 30713
124 31787
125 25105
126 16740
127 60926
128 31890
129 9121
130 35576
131 46106
132 45794
133 44855
134 28510
135 17442
136 34739
137 4246
138 52950
139 63606
140 62761
141 11715
142 53428
143 40245
144 42254
145 28665
146 35139
147 35661
148 31419
149 11549
150 4146
151 62654
152 39489
153 18220
154 50064
155 38328
156 34372
157 1281
158 25875
159 53667
160 23677
161 15350
162 42989
163 26872
164 58444
165 31609
166 4930
167 21634
168 58626
169 32089
170 14762
171 36442
172 34710
173 6697
174 22098
175 33935
176 3890
177 15291
178 37452
179 60319
180 30056
181 64290
182 55847
183 57054
184 24098
185 29269
186 34481
187 12501
188 10984
189 55554
190 4145
191 26979
192 28419
193 28232
194 54664
195 61954
196 58497
197 37757
198 6998
199 13213
200 59880
201 9916
202 23895
203 12796
204 41575
205 24806
206 54867
207 58755
208 32154
209 58321
210 60200
211 6748
212 11890
213 19893
214 6649
215 730
216 59467
217 49731
218 42745
219 9345
220 55620
221 2369
222 23710
223 60336
224 13565
225 27994
226 36224
227 43394
228 37874
229 14640
230 63304
231 23100
232 45185
233 51420
234 49709
235 50236
236 21153
237 50891
238 47014
239 48532
240 24001
241 51427
242 47714
243 56014
244 58176
245 51005
246 59793
247 41104
248 48502
249 44258
250 26251
251 60911
252 57164
253 30930
254 49770
255 8718
256 43430
257 43510
258 11126
259 64339
260 75
261 15713
262 48020
263 53731
264 52845
265 4358
266 55074
267 24175
268 39821
269 42875
270 59349
271 40694
272 6825
273 6268
274 12637
275 16863
276 21672
277 49029
278 7660
279 64272
280 10269
281 26895
282 38919
283 30130
284 48781
285 1769
286 33828
287 14645
288 29484
289 32638
290 35764
291 48714
292 24977
293 320
294 31269
295 43161
296 36461
297 14869
298 43049
299 59055
300 48339
