# prime 65353 300
# engine av12453_gemm_split storage u16 threads 8 prune 1
0 1
1 1
2 2
3 6
4 24
5 119
6 694
7 4581
8 33286
9 64868
10 17749
11 35335
12 59829
13 60743
14 10980
15 22352
16 47839
17 40135
18 13013
19 57469
20 21720
21 40052
22 62609
23 48869
24 29853
25 40858
26 19074
27 65002
28 2933
29 6371
30 5668
31 39646
32 34867
33 6636
34 49739
35 2219
36 5252
37 17739
38 41001
39 58005
40 12407
41 17815
42 59431
43 21223
44 30861
45 32848
46 30866
47 65279
48 13867
49 46002
50 936
51 24879
52 1982
53 3916
54 25552
55 17566
56 4057
57 45752
58 32544
59 1956
60 57327
61 47393
62 5071
63 2628
64 23107
65 40097
66 6904
67 25523
68 15946
69 11937
70 1489
71 59044
72 37506
73 59912
74 58740
75 60382
76 44274
77 33940
78 36959
79 19445
80 9309
81 7202
82 24231
83 53976
84 39937
85 56606
86 35044
87 10443
88 39271
89 41022
90 23085
91 16925
92 13110
93 17767
94 7207
95 32701
96 34959
97 29623
98 937
99 60847
100 57637
101 23605
102 23181
103 20122
104 48205
105 9778
106 15580
107 5230
108 1928
109 11641
110 64801
111 2394
112 49429
113 47485
114 27616
115 44537
116 42355
117 25217
118 10537
119 14837
120 339
121 11140
122 9112
123 33709
124 4522
125 62946
126 57960
127 48888
128 18025
129 9054
130 52914
131 60743
132 12283
133 56812
134 8023
135 2870
136 52592
137 22629
138 25658
139 23299
140 14142
141 1461
142 30777
143 57549
144 55656
145 34973
146 19686
147 21224
148 37503
149 1053
150 65307
151 34832
152 11361
153 21991
154 13765
155 49534
156 31332
157 13001
158 57263
159 21703
160 4812
161 10651
162 22280
163 62908
164 64178
165 52634
166 21951
167 38020
168 45745
169 57242
170 14000
171 13226
172 23035
173 63713
174 61050
175 44708
176 41587
177 60996
178 37867
179 18921
180 57616
181 51918
182 13811
183 46038
184 60969
185 58006
186 40258
187 1832
188 62760
189 4564
190 53168
191 64236
192 38046
193 48912
194 14018
195 3779
196 52918
197 46678
198 64974
199 21368
200 7840
201 8074
202 49153
203 34139
204 13474
205 8690
206 9891
207 39714
208 1697
209 23308
210 11395
211 19147
212 40509
213 59265
214 7870
215 43156
216 3307
217 32339
218 31107
219 10811
220 60276
221 28280
222 30294
223 28279
224 45728
225 35195
226 46412
227 52645
228 9333
229 28851
230 48162
231 48304
232 6465
233 21008
234 28769
235 13371
236 48552
237 17232
238 25707
239 39046
240 24936
241 22342
242 13827
243 11662
244 26835
245 60334
246 33217
247 3446
248 792
249 60845
250 18056
251 18018
252 18069
253 51147
254 41110
255 53291
256 12384
257 64509
258 30230
259 52815
260 61989
261 19257
262 49516
263 22480
264 59511
265 60219
266 22986
267 39899
268 7475
269 35285
270 56538
271 21471
272 27674
273 55199
274 25377
275 25630
276 51199
277 57925
278 1227
279 60769
280 24810
281 41945
282 54973
283 36190
284 29894
285 196
286 17185
287 1809
288 22707
289 35675
290 59681
291 12777
292 64820
293 54247
294 24781
295 11534
296 19969
297 20839
298 63305
299 45799
300 46955
