# prime 65371 300
# engine av12453_gemm_split storage u16 threads 8 prune 1
0 1
1 1
2 2
3 6
4 24
5 119
6 694
7 4581
8 33286
9 64814
10 17155
11 30097
12 11895
13 64398
14 25832
15 17373
16 57574
17 51500
18 35189
19 50857
20 41271
21 54963
22 37624
23 52244
24 33618
25 27610
26 50206
27 40267
28 1781
29 30978
30 53229
31 54939
32 52732
33 9066
34 23960
35 53948
36 59209
37 15453
38 31399
39 32876
40 42428
41 47777
42 11899
43 52176
44 21713
45 21488
46 10488
47 50308
48 42289
49 43370
50 63380
51 14643
52 20472
53 19681
54 41583
55 25068
56 64722
57 61653
58 43505
59 12254
60 28525
61 46584
62 36247
63 33562
64 46296
65 33258
66 30775
67 1116
68 19564
69 60504
70 31631
71 797
72 37476
73 54994
74 13536
75 52267
76 39139
77 151
78 58900
79 56066
80 17747
81 16739
82 12924
83 12862
84 60096
85 13466
86 23719
87 45841
88 38402
89 15689
90 44398
91 55275
92 15105
93 41800
94 17697
95 44427
96 13958
97 48030
98 3991
99 59128
100 28490
101 16960
102 49128
103 18357
104 10616
105 792
106 53000
107 14094
108 37319
109 876
110 38296
111 45368
112 41151
113 185
114 32843
115 11524
116 2904
117 37844
118 54182
119 34750
120 6528
121 41654
122 40862
123 61977
124 30823
125 24517
126 61698
127 17254
128 1127
129 18196
130 21613
131 43400
132 53105
133 6911
134 16294
135 58290
136 45232
137 52919
138 61836
139 28516
140 23492
141 26083
142 28548
143 35163
144 51775
145 49713
146 14046
147 51301
148 19648
149 44055
150 49786
151 47727
152 21293
153 31653
154 29349
155 14795
156 47710
157 52093
158 17474
159 57977
160 18873
161 27759
162 23375
163 61105
164 56952
165 27694
166 62650
167 18198
168 13537
169 22682
170 27264
171 20230
172 35398
173 42864
174 14503
175 59225
176 50062
177 44842
178 63526
179 49917
180 60091
181 39059
182 49681
183 51728
184 39753
185 43359
186 27535
187 32018
188 19400
189 6691
190 64009
191 49570
192 7754
193 37079
194 23774
195 36776
196 58624
197 1050
198 35816
199 1951
200 51317
201 49886
202 49380
203 60906
204 63331
205 245
206 52564
207 32048
208 21983
209 16305
210 10035
211 46757
212 24435
213 21259
214 4166
215 20119
216 63549
217 65281
218 17159
219 53664
220 4683
221 970
222 10133
223 36177
224 61589
225 32686
226 11370
227 7211
228 6988
229 54125
230 2937
231 46134
232 29798
233 45360
234 22491
235 55617
236 30275
237 45260
238 48718
239 62301
240 23669
241 26666
242 41768
243 47693
244 64006
245 24830
246 21545
247 12450
248 20729
249 38983
250 61353
251 57542
252 27033
253 13034
254 9844
255 27609
256 42924
257 63513
258 3021
259 28303
260 60192
261 10480
262 60062
263 52455
264 33538
265 51637
266 3926
267 3544
268 14224
269 40366
270 37449
271 28506
272 50377
273 10674
274 27304
275 45243
276 60813
277 15225
278 60087
279 63686
280 49025
281 63480
282 5718
283 794
284 31140
285 49710
286 25429
287 60261
288 12276
289 49782
290 9544
291 38344
292 19702
293 1741
294 6609
295 13134
296 26335
297 12729
298 59604
299 30123
300 50118
