# prime 65381 300
# engine av12453_gemm_split storage u16 threads 8 prune 1
0 1
1 1
2 2
3 6
4 24
5 119
6 694
7 4581
8 33286
9 64784
10 16825
11 27187
12 50646
13 8421
14 49670
15 10640
16 18740
17 65170
18 27584
19 63804
20 63060
21 44550
22 2824
23 63062
24 18697
25 15742
26 3080
27 18338
28 9249
29 58185
30 37373
31 23814
32 55984
33 44461
34 47470
35 31420
36 1034
37 20958
38 18890
39 48793
40 47533
41 4752
42 57829
43 11374
44 51578
45 6527
46 32339
47 60633
48 15408
49 46885
50 38049
51 46132
52 21343
53 45279
54 7100
55 39446
56 31963
57 60197
58 5418
59 37658
60 806
61 39674
62 59842
63 4933
64 35125
65 45163
66 26963
67 24483
68 40388
69 45144
70 9762
71 33897
72 44187
73 50946
74 64363
75 48640
76 35586
77 55000
78 28373
79 32992
80 28326
81 18352
82 10645
83 10915
84 34284
85 61309
86 57522
87 22655
88 5376
89 30719
90 5697
91 50803
92 10335
93 32502
94 2076
95 29752
96 45033
97 64396
98 16285
99 11976
100 10476
101 45558
102 29866
103 28426
104 5631
105 22005
106 10690
107 30787
108 50045
109 60992
110 55233
111 55891
112 8632
113 64142
114 18792
115 17492
116 61925
117 59361
118 31659
119 42991
120 31542
121 18307
122 31839
123 32725
124 43166
125 53442
126 12357
127 1568
128 24642
129 14402
130 7383
131 6085
132 15005
133 51934
134 56989
135 38775
136 26973
137 39046
138 15687
139 39048
140 42927
141 33400
142 28712
143 58055
144 60639
145 6001
146 9192
147 11980
148 27041
149 39949
150 6837
151 61658
152 46674
153 61028
154 43590
155 26197
156 15837
157 36976
158 31783
159 11519
160 44123
161 12316
162 42858
163 1893
164 12442
165 56220
166 41875
167 3045
168 15570
169 30194
170 61941
171 6168
172 65366
173 29531
174 59674
175 9901
176 19905
177 27352
178 43866
179 38105
180 5484
181 29357
182 62616
183 48163
184 56422
185 27871
186 4617
187 59279
188 14083
189 57264
190 47540
191 63475
192 2024
193 59417
194 15377
195 53740
196 64790
197 55665
198 62125
199 23029
200 21152
201 5225
202 35743
203 32384
204 57676
205 16374
206 28774
207 39838
208 10269
209 40848
210 896
211 15694
212 47869
213 17236
214 7186
215 42053
216 22132
217 36145
218 53226
219 45124
220 19583
221 796
222 42901
223 17994
224 1320
225 10021
226 44412
227 27010
228 55802
229 6246
230 7848
231 35040
232 29485
233 1578
234 14116
235 27575
236 9051
237 62298
238 47981
239 34503
240 57521
241 51926
242 36471
243 39844
244 53350
245 15126
246 25712
247 30850
248 42855
249 62078
250 8701
251 18360
252 44904
253 13222
254 6184
255 52784
256 7750
257 36989
258 63948
259 19182
260 33554
261 4046
262 39443
263 55453
264 48036
265 33382
266 4679
267 46737
268 60247
269 10132
270 44646
271 41315
272 32684
273 43940
274 63015
275 59509
276 62369
277 23901
278 42304
279 5108
280 58444
281 28477
282 16914
283 6641
284 30517
285 10271
286 42894
287 9670
288 64538
289 22533
290 26751
291 5319
292 54199
293 10480
294 28278
295 16111
296 12473
297 26254
298 63162
299 51009
300 65148
