# prime 65393 300
# engine av12453_gemm_split storage u16 threads 8 prune 1
0 1
1 1
2 2
3 6
4 24
5 119
6 694
7 4581
8 33286
9 64748
10 16429
11 23695
12 18702
13 32878
14 40043
15 51749
16 61123
17 38037
18 20720
19 19595
20 8833
21 15767
22 49195
23 16586
24 20981
25 62725
26 355
27 61739
28 32198
29 25403
30 46722
31 25116
32 39740
33 48443
34 10056
35 4959
36 3971
37 13482
38 54897
39 46742
40 36361
41 16285
42 9919
43 15435
44 37925
45 38473
46 43693
47 6871
48 55659
49 57757
50 50094
51 39858
52 43175
53 36006
54 7908
55 47654
56 22521
57 41318
58 24806
59 5777
60 2628
61 48089
62 16204
63 42173
64 26405
65 14441
66 46819
67 60267
68 50139
69 63694
70 48718
71 32890
72 42005
73 32642
74 25694
75 11573
76 34247
77 28462
78 50137
79 2955
80 41211
81 40387
82 13245
83 54566
84 42000
85 57156
86 49034
87 21130
88 54171
89 30349
90 27482
91 52114
92 35606
93 45019
94 724
95 11891
96 54197
97 29800
98 48296
99 2101
100 42736
101 63254
102 31141
103 44445
104 58388
105 1352
106 32298
107 56981
108 12066
109 18418
110 55192
111 29692
112 7855
113 33982
114 44000
115 15855
116 25825
117 561
118 6616
119 59302
120 54088
121 1084
122 50946
123 18936
124 37584
125 30369
126 53075
127 9025
128 53101
129 50603
130 16349
131 53516
132 51424
133 61573
134 16553
135 52370
136 46864
137 26425
138 15068
139 11497
140 7291
141 22229
142 40823
143 7833
144 56792
145 19376
146 15025
147 691
148 31191
149 3773
150 8768
151 24317
152 32528
153 41899
154 1236
155 41572
156 14515
157 16226
158 50927
159 3102
160 51537
161 32846
162 63334
163 3692
164 42013
165 3980
166 23300
167 19352
168 47523
169 43595
170 27794
171 58159
172 20204
173 58132
174 5463
175 20208
176 37385
177 19756
178 298
179 35289
180 5291
181 61712
182 57399
183 33181
184 27940
185 58088
186 58663
187 36270
188 52069
189 4509
190 4157
191 1498
192 3982
193 63460
194 40984
195 55427
196 12569
197 4678
198 31921
199 55152
200 33136
201 25786
202 1021
203 42147
204 61594
205 33457
206 64124
207 6504
208 18207
209 34053
210 36417
211 5154
212 17867
213 41669
214 16642
215 12409
216 16227
217 37392
218 1857
219 45793
220 40890
221 2772
222 49493
223 2714
224 55874
225 28242
226 44241
227 54599
228 40932
229 850
230 24620
231 35880
232 20096
233 21596
234 5631
235 57668
236 9236
237 32272
238 53909
239 58022
240 1355
241 61322
242 38811
243 9539
244 81
245 18189
246 19367
247 55727
248 57663
249 61125
250 58628
251 9111
252 3867
253 59099
254 34760
255 26458
256 42383
257 10624
258 13395
259 37899
260 21791
261 47169
262 21256
263 52728
264 27922
265 36472
266 43984
267 50480
268 17925
269 41266
270 22617
271 16937
272 14691
273 18256
274 58707
275 59447
276 15755
277 31341
278 4824
279 47045
280 61100
281 17297
282 22232
283 64905
284 4633
285 22440
286 34702
287 55263
288 2316
289 41827
290 22393
291 459
292 19687
293 32797
294 40000
295 8453
296 30301
297 5879
298 28906
299 10474
300 56843
