# prime 65407 300
# engine av12453_gemm_split storage u16 threads 8 prune 1
0 1
1 1
2 2
3 6
4 24
5 119
6 694
7 4581
8 33286
9 64706
10 15967
11 19621
12 46841
13 7057
14 62880
15 15340
16 44164
17 28755
18 1248
19 14441
20 54479
21 3255
22 32386
23 42630
24 32058
25 49566
26 34867
27 20173
28 6524
29 3466
30 42700
31 22420
32 12064
33 11974
34 49712
35 2771
36 7220
37 40630
38 14590
39 17811
40 27294
41 16794
42 36545
43 53315
44 20134
45 13530
46 50761
47 15610
48 33850
49 58952
50 5341
51 18965
52 25811
53 35248
54 17062
55 34258
56 42438
57 23814
58 52285
59 31480
60 7891
61 5676
62 53563
63 38643
64 63666
65 16457
66 51250
67 27908
68 55959
69 39639
70 35071
71 41549
72 44139
73 55380
74 46133
75 19373
76 9574
77 977
78 14435
79 42127
80 13848
81 35553
82 37433
83 26225
84 34025
85 18469
86 31606
87 19130
88 23352
89 32460
90 14181
91 40982
92 45537
93 8444
94 8700
95 23872
96 10098
97 20436
98 22437
99 51343
100 29353
101 44187
102 29088
103 61910
104 45296
105 54909
106 20487
107 8394
108 51891
109 33452
110 17973
111 4236
112 37979
113 13697
114 17064
115 26027
116 46106
117 57149
118 27431
119 53759
120 53692
121 25357
122 40415
123 51332
124 17436
125 63570
126 50375
127 51589
128 48210
129 17342
130 34962
131 16124
132 4333
133 1548
134 57629
135 47437
136 40095
137 59548
138 18498
139 17598
140 57687
141 37098
142 36729
143 37076
144 10585
145 28368
146 18742
147 46477
148 42123
149 8512
150 52716
151 42371
152 16211
153 36297
154 55515
155 56627
156 37787
157 32318
158 61988
159 37567
160 30630
161 29524
162 16574
163 34163
164 22975
165 6208
166 58959
167 15793
168 38249
169 13951
170 64808
171 16467
172 38496
173 37669
174 34206
175 47370
176 58778
177 26478
178 61150
179 29249
180 7762
181 22928
182 20569
183 42517
184 24380
185 7605
186 17236
187 32245
188 51434
189 32457
190 38230
191 409
192 63940
193 60351
194 4736
195 29457
196 21658
197 28222
198 24088
199 55062
200 57459
201 16257
202 8431
203 7147
204 33419
205 48786
206 36204
207 23053
208 36625
209 7724
210 34105
211 8703
212 32538
213 54234
214 31615
215 14472
216 58759
217 65384
218 36281
219 41568
220 10720
221 62228
222 40652
223 14523
224 61135
225 17244
226 12866
227 55503
228 50114
229 25081
230 58526
231 13403
232 44869
233 36652
234 18398
235 44016
236 50361
237 57937
238 24916
239 2921
240 21246
241 49747
242 62824
243 60899
244 33770
245 10011
246 60701
247 40821
248 40821
249 29553
250 52128
251 42094
252 42400
253 46853
254 55652
255 64453
256 11248
257 52900
258 15869
259 45008
260 53790
261 15166
262 11799
263 5898
264 25012
265 55070
266 5102
267 61747
268 37244
269 36446
270 25933
271 1618
272 26592
273 41079
274 10553
275 27396
276 24962
277 16529
278 43054
279 13260
280 11641
281 57609
282 34103
283 11376
284 63085
285 34364
286 28763
287 23491
288 9349
289 50040
290 10450
291 19388
292 44459
293 39172
294 7794
295 2066
296 31961
297 35855
298 59479
299 8447
300 7396
