# prime 65413 300
# engine av12453_gemm_split storage u16 threads 8 prune 1
0 1
1 1
2 2
3 6
4 24
5 119
6 694
7 4581
8 33286
9 64688
10 15769
11 17875
12 30875
13 52102
14 26398
15 13598
16 8501
17 52046
18 50567
19 1586
20 5930
21 32562
22 40996
23 49883
24 30309
25 59812
26 62154
27 24195
28 37594
29 52046
30 46260
31 39861
32 31453
33 27623
34 6092
35 2427
36 25920
37 61744
38 63824
39 39373
40 61030
41 27394
42 34699
43 9691
44 23560
45 50698
46 9230
47 55793
48 61507
49 2399
50 32975
51 61095
52 7039
53 38566
54 62859
55 35818
56 12979
57 44199
58 56321
59 7505
60 7270
61 53829
62 13714
63 34381
64 32686
65 21988
66 29588
67 59812
68 57569
69 43442
70 56048
71 17175
72 46959
73 34855
74 56566
75 20048
76 63068
77 6029
78 17494
79 54030
80 56209
81 5356
82 63450
83 58471
84 58713
85 25331
86 21803
87 56921
88 6271
89 19161
90 10124
91 24121
92 54208
93 34172
94 50114
95 40236
96 19810
97 22564
98 2829
99 2308
100 50350
101 2147
102 54455
103 63831
104 60750
105 57570
106 43882
107 62098
108 44651
109 23201
110 26474
111 48098
112 41012
113 36235
114 51382
115 56366
116 12048
117 35246
118 19080
119 7735
120 708
121 53514
122 24962
123 54136
124 3297
125 53163
126 16458
127 65196
128 29023
129 1331
130 21909
131 48424
132 16208
133 5928
134 23803
135 36346
136 26197
137 13438
138 39921
139 33904
140 51837
141 11781
142 64355
143 8033
144 11576
145 611
146 13314
147 63486
148 7340
149 9158
150 34861
151 14764
152 36276
153 26138
154 34282
155 41056
156 38072
157 1209
158 41746
159 9643
160 9103
161 33140
162 8579
163 57463
164 53972
165 46932
166 37383
167 16994
168 37415
169 50685
170 38634
171 54559
172 26454
173 40527
174 48667
175 47319
176 13713
177 52811
178 43988
179 7617
180 40729
181 7874
182 6688
183 47308
184 23306
185 58092
186 32201
187 16334
188 6361
189 18697
190 5814
191 40894
192 44446
193 53229
194 54947
195 15055
196 13879
197 24821
198 24564
199 10631
200 37765
201 9105
202 7473
203 9135
204 12065
205 23332
206 36511
207 6296
208 50079
209 64904
210 62273
211 24648
212 11885
213 53844
214 41262
215 8313
216 34770
217 20007
218 59141
219 21052
220 58528
221 48303
222 22752
223 53335
224 26829
225 60778
226 11710
227 60008
228 52613
229 25691
230 57815
231 23983
232 18928
233 21380
234 16592
235 45781
236 1949
237 46105
238 24563
239 63355
240 62230
241 48947
242 1194
243 51029
244 50230
245 37220
246 1728
247 25897
248 1656
249 2070
250 45731
251 41234
252 58426
253 4398
254 57747
255 58382
256 4335
257 8382
258 27933
259 55406
260 7325
261 50234
262 59513
263 44704
264 5322
265 9177
266 42352
267 48821
268 20325
269 39994
270 12994
271 50791
272 3596
273 2423
274 30150
275 40419
276 25886
277 32149
278 23886
279 3074
280 45868
281 27284
282 56190
283 13368
284 49883
285 54999
286 56508
287 41114
288 38851
289 44608
290 47152
291 24560
292 21959
293 25649
294 9126
295 4743
296 7892
297 55950
298 53456
299 7731
300 7396
