# prime 65419 300
# engine av12453_gemm_split storage u16 threads 8 prune 1
0 1
1 1
2 2
3 6
4 24
5 119
6 694
7 4581
8 33286
9 64670
10 15571
11 16129
12 14909
13 31764
14 55599
15 14568
16 642
17 39254
18 60370
19 2636
20 61418
21 57424
22 15539
23 21449
24 60865
25 47426
26 31177
27 13586
28 4617
29 35113
30 13080
31 6931
32 62388
33 32919
34 27583
35 48240
36 5875
37 43282
38 52639
39 41941
40 20660
41 43680
42 12575
43 29034
44 50455
45 60077
46 59308
47 30824
48 34458
49 43248
50 64011
51 6894
52 4348
53 9349
54 19531
55 32352
56 45860
57 22903
58 21436
59 31312
60 5231
61 54439
62 45707
63 12191
64 18570
65 2011
66 3011
67 33553
68 61921
69 266
70 21062
71 49175
72 17805
73 47510
74 43516
75 2317
76 55353
77 48354
78 31027
79 10807
80 27210
81 65328
82 59076
83 11623
84 22307
85 47007
86 30698
87 38016
88 5268
89 20962
90 6494
91 61685
92 63633
93 13567
94 31476
95 59824
96 44083
97 23244
98 12122
99 2470
100 12658
101 9912
102 53163
103 5398
104 26097
105 17285
106 7348
107 35914
108 51954
109 9852
110 4322
111 11557
112 47588
113 57352
114 40480
115 64126
116 29048
117 13747
118 44404
119 52749
120 12084
121 54842
122 16954
123 20010
124 17587
125 56261
126 11756
127 6139
128 52764
129 28305
130 22823
131 42087
132 26081
133 48528
134 11270
135 20890
136 52567
137 58676
138 20191
139 5258
140 59702
141 48389
142 52445
143 12965
144 41998
145 5857
146 21552
147 19584
148 49368
149 64641
150 47697
151 5352
152 62649
153 59129
154 7378
155 18977
156 39812
157 56007
158 26583
159 30985
160 44595
161 9670
162 5799
163 59526
164 37947
165 54487
166 37541
167 12060
168 17088
169 2505
170 56190
171 13748
172 10347
173 2693
174 17048
175 7563
176 15538
177 13164
178 28254
179 61947
180 52825
181 37250
182 33733
183 32616
184 43463
185 60294
186 12119
187 55330
188 56351
189 50268
190 50949
191 63125
192 20703
193 45425
194 14372
195 37966
196 11957
197 56595
198 8687
199 55260
200 21759
201 49517
202 47127
203 33528
204 35298
205 35557
206 53707
207 33111
208 45280
209 11954
210 6755
211 30641
212 4968
213 52716
214 38551
215 8027
216 35400
217 22747
218 53993
219 17504
220 24275
221 11077
222 15310
223 57623
224 25775
225 7408
226 16355
227 9640
228 62506
229 27368
230 1162
231 22728
232 40879
233 55264
234 33121
235 7193
236 31616
237 36928
238 47771
239 19990
240 35631
241 65056
242 36217
243 7524
244 31091
245 60247
246 11707
247 29622
248 46373
249 2582
250 29375
251 19561
252 1450
253 36891
254 33646
255 13514
256 51132
257 2071
258 45738
259 55390
260 40220
261 53259
262 22544
263 15457
264 22517
265 29729
266 26770
267 64213
268 47855
269 26278
270 36939
271 19104
272 57713
273 62446
274 33074
275 3333
276 10349
277 7924
278 30590
279 59329
280 25361
281 28122
282 21345
283 26098
284 48141
285 51154
286 30405
287 36688
288 38187
289 14491
290 48920
291 60110
292 54590
293 47449
294 60163
295 27640
296 58826
297 17351
298 34234
299 42933
300 23751
