# prime 65423 300
# engine av12453_gemm_split storage u16 threads 8 prune 1
0 1
1 1
2 2
3 6
4 24
5 119
6 694
7 4581
8 33286
9 64658
10 15439
11 14965
12 4265
13 61834
14 53412
15 38529
16 32657
17 61520
18 910
19 6501
20 18871
21 44218
22 24903
23 5309
24 47092
25 906
26 59313
27 64714
28 56903
29 21033
30 56731
31 14363
32 20257
33 9614
34 3370
35 39579
36 9145
37 62385
38 50862
39 41323
40 2707
41 13851
42 16191
43 107
44 10268
45 16982
46 32588
47 25341
48 31123
49 62408
50 24014
51 23312
52 25756
53 5091
54 54337
55 42566
56 62380
57 26041
58 18659
59 45243
60 6050
61 44001
62 23375
63 43143
64 43307
65 8164
66 43995
67 58974
68 23121
69 52629
70 595
71 53290
72 54225
73 40616
74 690
75 48125
76 52531
77 10448
78 7110
79 37469
80 13186
81 9122
82 60904
83 25441
84 27161
85 62855
86 16976
87 38358
88 21696
89 57557
90 7679
91 21514
92 13755
93 41405
94 23704
95 40686
96 62402
97 62231
98 22402
99 47801
100 2453
101 4140
102 13654
103 27136
104 57077
105 13460
106 52695
107 13937
108 53879
109 13049
110 49375
111 57735
112 64912
113 47568
114 35625
115 26402
116 31636
117 7878
118 29716
119 41793
120 56086
121 10445
122 28868
123 7956
124 39980
125 6199
126 44338
127 40731
128 14669
129 46419
130 39487
131 29296
132 59512
133 58806
134 39871
135 54130
136 513
137 23691
138 42917
139 34597
140 5749
141 31740
142 3801
143 16819
144 27993
145 34425
146 55837
147 2556
148 60682
149 582
150 39280
151 18360
152 12314
153 1434
154 24583
155 58802
156 18522
157 62706
158 11796
159 60108
160 51166
161 64295
162 18684
163 32796
164 51841
165 5010
166 44769
167 55110
168 42459
169 50069
170 26397
171 6215
172 6825
173 56574
174 15624
175 28233
176 2627
177 58078
178 64237
179 37129
180 4407
181 13759
182 24393
183 11682
184 23602
185 7266
186 44100
187 43764
188 3651
189 14243
190 22225
191 39836
192 10220
193 50773
194 9587
195 29648
196 21114
197 14126
198 5679
199 41181
200 30108
201 54713
202 40044
203 36177
204 43015
205 22042
206 12337
207 43138
208 46340
209 61957
210 18134
211 16919
212 46125
213 39460
214 35798
215 41317
216 53578
217 7820
218 4443
219 39969
220 13628
221 63048
222 7857
223 18474
224 55538
225 9732
226 4739
227 57132
228 54356
229 15211
230 6570
231 53379
232 22475
233 41508
234 1396
235 14513
236 64476
237 47456
238 60224
239 33787
240 50728
241 9640
242 19531
243 18645
244 21617
245 60327
246 57913
247 18846
248 11049
249 64721
250 26098
251 8247
252 37654
253 17212
254 11867
255 56988
256 57841
257 48203
258 14295
259 42223
260 3649
261 10252
262 4541
263 22873
264 29852
265 57454
266 36687
267 27009
268 11036
269 54964
270 54496
271 44559
272 13315
273 673
274 33158
275 43321
276 22911
277 57747
278 14750
279 50183
280 14026
281 28064
282 2261
283 42634
284 32627
285 43439
286 46448
287 35628
288 39034
289 40703
290 43068
291 60540
292 21166
293 40614
294 40445
295 36948
296 21340
297 29335
298 54742
299 22095
300 22646
