# prime 65437 300
# engine av12453_gemm_split storage u16 threads 8 prune 1
0 1
1 1
2 2
3 6
4 24
5 119
6 694
7 4581
8 33286
9 64616
10 14977
11 10891
12 32448
13 36331
14 13984
15 33750
16 13015
17 45228
18 40354
19 62313
20 33755
21 61724
22 40736
23 16479
24 14404
25 35094
26 61345
27 63728
28 65262
29 40907
30 52580
31 37840
32 28260
33 56987
34 13420
35 46547
36 47899
37 35496
38 32423
39 39188
40 30463
41 59674
42 53152
43 27010
44 4687
45 64675
46 38760
47 54545
48 51201
49 58925
50 64211
51 51274
52 41796
53 51634
54 47205
55 58263
56 23429
57 21090
58 30934
59 12988
60 32876
61 26605
62 62933
63 34614
64 46965
65 58806
66 43296
67 23563
68 14912
69 34960
70 51413
71 51844
72 64657
73 41177
74 57519
75 25314
76 32139
77 35305
78 24100
79 53488
80 2435
81 724
82 51070
83 9835
84 32797
85 27186
86 23250
87 14915
88 39308
89 13931
90 24638
91 18614
92 5405
93 33980
94 29310
95 51588
96 64194
97 35838
98 43005
99 25423
100 34703
101 36104
102 19406
103 23050
104 45343
105 8892
106 48990
107 46837
108 9778
109 41133
110 18975
111 60723
112 17820
113 19315
114 18467
115 24698
116 22766
117 40990
118 59284
119 25354
120 55633
121 23289
122 47909
123 61124
124 185
125 23247
126 16541
127 23451
128 22170
129 933
130 34277
131 37292
132 50011
133 63255
134 42982
135 37338
136 35439
137 8950
138 980
139 36384
140 44752
141 37568
142 39594
143 39174
144 64329
145 54815
146 34212
147 12112
148 3104
149 8045
150 9725
151 43153
152 31641
153 29176
154 47025
155 31616
156 40217
157 54294
158 59688
159 7357
160 59005
161 2847
162 36700
163 24353
164 14394
165 50607
166 49369
167 18393
168 22046
169 7438
170 43016
171 2338
172 7081
173 36642
174 65346
175 4040
176 64172
177 53115
178 62768
179 61593
180 53679
181 65306
182 27058
183 6509
184 22192
185 13652
186 53516
187 20564
188 29500
189 51894
190 14246
191 36614
192 1233
193 62373
194 44018
195 58374
196 33851
197 3626
198 49613
199 54399
200 65380
201 14406
202 32600
203 44378
204 38019
205 59343
206 34474
207 26680
208 53815
209 39863
210 15082
211 39641
212 62695
213 26304
214 18559
215 40369
216 38210
217 34539
218 41830
219 24813
220 11606
221 64796
222 40677
223 31858
224 50005
225 49837
226 4879
227 7347
228 12128
229 52524
230 16758
231 11533
232 40316
233 48767
234 38325
235 9363
236 46697
237 1527
238 20380
239 22041
240 50796
241 9768
242 54478
243 19586
244 643
245 26559
246 22847
247 39211
248 39009
249 16161
250 55091
251 40530
252 25120
253 13780
254 27164
255 15106
256 14081
257 25589
258 16380
259 2180
260 36973
261 63987
262 56736
263 10678
264 9418
265 42
266 36764
267 45102
268 17260
269 17602
270 60535
271 43335
272 22666
273 15433
274 33581
275 11466
276 24674
277 45212
278 43887
279 62663
280 49090
281 8985
282 40161
283 23520
284 49020
285 52252
286 10890
287 26040
288 24604
289 48744
290 23418
291 52694
292 7771
293 46841
294 25264
295 1085
296 939
297 24550
298 15494
299 13510
300 59732
