# prime 65449 300
# engine av12453_gemm_split storage u16 threads 8 prune 1
0 1
1 1
2 2
3 6
4 24
5 119
6 694
7 4581
8 33286
9 64580
10 14581
11 7399
12 528
13 61332
14 9397
15 60098
16 51162
17 19940
18 9997
19 24169
20 49777
21 35076
22 6452
23 61836
24 65390
25 42249
26 33359
27 47262
28 64604
29 22570
30 31021
31 55461
32 39738
33 32704
34 433
35 53371
36 13772
37 54230
38 36822
39 7599
40 33842
41 30182
42 23935
43 14529
44 12484
45 33737
46 37851
47 43179
48 54812
49 40063
50 20922
51 30128
52 23929
53 18692
54 24310
55 15872
56 30808
57 25022
58 39043
59 28865
60 27219
61 90
62 55086
63 2265
64 58045
65 16616
66 61089
67 44243
68 21762
69 27319
70 2148
71 20726
72 47812
73 15251
74 35428
75 2932
76 38751
77 57438
78 40324
79 123
80 47949
81 25922
82 43184
83 49682
84 48623
85 5958
86 30314
87 10211
88 28890
89 3103
90 52735
91 25374
92 35571
93 32708
94 63991
95 38739
96 47504
97 61118
98 35403
99 43449
100 42045
101 14075
102 4208
103 17695
104 12370
105 29544
106 62652
107 12887
108 42888
109 31066
110 53877
111 19614
112 21720
113 9394
114 11115
115 37862
116 54860
117 45082
118 3691
119 48135
120 22675
121 503
122 50182
123 19105
124 47205
125 18315
126 42547
127 30482
128 13713
129 17771
130 53215
131 2196
132 344
133 58808
134 23438
135 9974
136 57023
137 27958
138 65062
139 27225
140 3781
141 5025
142 1229
143 3854
144 3648
145 21935
146 39403
147 24374
148 59764
149 23417
150 19530
151 37172
152 58448
153 9541
154 64531
155 32792
156 17896
157 6110
158 15845
159 37085
160 58373
161 13213
162 18988
163 56042
164 20548
165 50892
166 36312
167 15911
168 63144
169 6051
170 41844
171 47506
172 58726
173 63680
174 43487
175 37673
176 39163
177 53698
178 44899
179 18506
180 13063
181 6371
182 37208
183 41671
184 11364
185 40064
186 26036
187 61163
188 49249
189 45356
190 666
191 38658
192 53908
193 64683
194 31402
195 61196
196 36062
197 61375
198 43641
199 13471
200 30744
201 36119
202 51785
203 6427
204 56967
205 24673
206 10776
207 23966
208 16916
209 64048
210 52507
211 13406
212 228
213 34415
214 14184
215 3876
216 57311
217 46879
218 19302
219 33996
220 11793
221 53599
222 47000
223 63170
224 5057
225 40966
226 34103
227 47051
228 8776
229 42138
230 36115
231 22863
232 52014
233 24961
234 19082
235 49575
236 41246
237 9418
238 11195
239 50669
240 63049
241 21613
242 39625
243 12507
244 50086
245 40798
246 20413
247 60018
248 33538
249 25586
250 56571
251 4188
252 8578
253 16216
254 17047
255 24984
256 12893
257 32741
258 24536
259 31490
260 42799
261 17898
262 21441
263 30578
264 51388
265 53144
266 6667
267 31925
268 29539
269 16032
270 30576
271 42826
272 51051
273 33461
274 3230
275 37120
276 18160
277 38713
278 17614
279 56079
280 14403
281 9030
282 53228
283 3653
284 40808
285 51265
286 20783
287 31400
288 53575
289 23710
290 3403
291 27177
292 40345
293 33267
294 61599
295 20793
296 7144
297 48390
298 9741
299 31065
300 1512
