# prime 65447 300
# engine av12453_gemm_split storage u16 threads 8 prune 1
0 1
1 1
2 2
3 6
4 24
5 119
6 694
7 4581
8 33286
9 64586
10 14647
11 7981
12 5848
13 46249
14 42810
15 11322
16 26178
17 30664
18 38186
19 50965
20 1740
21 61059
22 41447
23 25891
24 21227
25 59401
26 496
27 45874
28 1331
29 26484
30 63365
31 53733
32 37774
33 26682
34 4549
35 34354
36 5573
37 16393
38 41228
39 20886
40 19923
41 55888
42 42520
43 13663
44 23250
45 55930
46 26852
47 30165
48 44006
49 46346
50 24305
51 27597
52 42250
53 22763
54 23651
55 19722
56 19317
57 33671
58 61632
59 28999
60 18443
61 13320
62 44026
63 6042
64 36467
65 19643
66 33282
67 40383
68 33283
69 34462
70 10836
71 16692
72 11694
73 6790
74 42703
75 38994
76 59107
77 24177
78 30739
79 3795
80 27152
81 6369
82 58093
83 35662
84 27270
85 50061
86 34242
87 38577
88 15061
89 41609
90 33241
91 6872
92 24155
93 5917
94 36294
95 43970
96 35357
97 12528
98 40392
99 41411
100 51158
101 13952
102 16712
103 18702
104 58858
105 45966
106 24851
107 5398
108 23825
109 7855
110 23597
111 15994
112 43754
113 1239
114 38471
115 16749
116 8009
117 35361
118 37654
119 32641
120 15692
121 41251
122 11761
123 13216
124 669
125 14312
126 37231
127 54847
128 41336
129 58256
130 32691
131 44304
132 7201
133 58766
134 7228
135 34093
136 25917
137 32619
138 33859
139 19625
140 8636
141 39341
142 49673
143 53747
144 40508
145 42065
146 14119
147 35198
148 58339
149 62247
150 5074
151 62857
152 22275
153 22210
154 1961
155 1308
156 50734
157 8364
158 16913
159 54430
160 13255
161 38922
162 32635
163 56344
164 34806
165 61204
166 49600
167 40232
168 50543
169 61307
170 5210
171 15536
172 26855
173 63015
174 40887
175 16772
176 51547
177 3920
178 16279
179 49922
180 16116
181 20147
182 33984
183 19446
184 26453
185 41145
186 13214
187 7834
188 48039
189 8273
190 390
191 6234
192 29706
193 30177
194 28443
195 51800
196 51295
197 22091
198 3038
199 39325
200 2324
201 61643
202 17117
203 12316
204 19689
205 23034
206 47841
207 51323
208 50520
209 63208
210 32574
211 1468
212 9732
213 21109
214 49591
215 15931
216 45444
217 62635
218 22818
219 7751
220 39387
221 1666
222 19031
223 29352
224 51201
225 5338
226 20607
227 34310
228 36505
229 34447
230 62733
231 45512
232 53045
233 20425
234 22460
235 36603
236 51399
237 57713
238 41427
239 42771
240 9664
241 27035
242 56988
243 51764
244 5532
245 48085
246 50062
247 27821
248 26000
249 11951
250 41770
251 44427
252 47069
253 3442
254 38146
255 15635
256 14925
257 41173
258 18678
259 56503
260 57421
261 50049
262 63546
263 37603
264 13177
265 15109
266 24077
267 7178
268 4293
269 56857
270 52955
271 57564
272 61481
273 32050
274 46274
275 46118
276 62554
277 33196
278 57554
279 15880
280 6885
281 31159
282 40310
283 25914
284 24338
285 46247
286 6240
287 40063
288 13961
289 55823
290 12939
291 16702
292 62546
293 60693
294 28817
295 18844
296 22628
297 50573
298 2780
299 55781
300 9076
