# prime 65479 300
# engine av12453_gemm_split storage u16 threads 8 prune 1
0 1
1 1
2 2
3 6
4 24
5 119
6 694
7 4581
8 33286
9 64490
10 13591
11 64148
12 51686
13 26141
14 35394
15 42470
16 10734
17 2297
18 21226
19 56011
20 58168
21 46693
22 3482
23 44417
24 24592
25 56740
26 57197
27 7048
28 6342
29 36381
30 35495
31 47144
32 5014
33 15342
34 51571
35 62033
36 37029
37 7057
38 13958
39 9088
40 46802
41 5844
42 29144
43 53602
44 12983
45 64642
46 110
47 51525
48 45348
49 11522
50 17758
51 29509
52 44319
53 19263
54 20515
55 20326
56 51774
57 29757
58 27062
59 17007
60 55313
61 1837
62 4085
63 56136
64 23705
65 53722
66 33216
67 28303
68 38477
69 59537
70 32075
71 51560
72 28183
73 17799
74 45876
75 30192
76 16383
77 55812
78 60410
79 52960
80 43649
81 27606
82 54191
83 25766
84 47854
85 26401
86 43198
87 36401
88 10928
89 41217
90 22716
91 47598
92 34865
93 52729
94 23921
95 63022
96 37882
97 36830
98 39796
99 58950
100 19717
101 61334
102 1574
103 33075
104 34524
105 28255
106 5472
107 46258
108 25991
109 46373
110 15900
111 13883
112 57078
113 38507
114 64419
115 49606
116 45163
117 37507
118 21406
119 50862
120 57304
121 5812
122 1140
123 64882
124 24215
125 38236
126 53076
127 1310
128 51036
129 11484
130 64336
131 64909
132 13093
133 45908
134 51627
135 27357
136 30447
137 57824
138 61299
139 28383
140 35543
141 14170
142 33839
143 16282
144 4151
145 50915
146 37517
147 43762
148 50557
149 59602
150 58261
151 35504
152 41593
153 1774
154 2709
155 60177
156 7639
157 50194
158 19755
159 58019
160 40940
161 26648
162 49278
163 38869
164 48973
165 45043
166 7158
167 1056
168 51628
169 3207
170 54356
171 33111
172 37037
173 36011
174 22996
175 27580
176 36907
177 8986
178 20350
179 50758
180 48949
181 55166
182 60467
183 22385
184 38340
185 41331
186 48035
187 58455
188 15282
189 3890
190 23295
191 57753
192 47371
193 34066
194 2619
195 36530
196 22769
197 54295
198 20009
199 44037
200 8917
201 5324
202 56725
203 28404
204 16746
205 22347
206 49279
207 17677
208 9354
209 18159
210 50483
211 17870
212 53858
213 63956
214 61519
215 2725
216 10996
217 49453
218 39025
219 3593
220 47888
221 40361
222 48026
223 12805
224 36603
225 59488
226 13182
227 28617
228 31573
229 12849
230 6937
231 57053
232 31399
233 14849
234 33515
235 20583
236 61677
237 15176
238 57591
239 21518
240 1462
241 27751
242 41221
243 23739
244 28101
245 11499
246 8559
247 59761
248 37153
249 35447
250 50870
251 18947
252 57058
253 56374
254 56
255 24369
256 29041
257 49178
258 49253
259 11259
260 59917
261 31398
262 24656
263 49468
264 57856
265 48507
266 9431
267 55967
268 64415
269 5155
270 25165
271 51925
272 24336
273 63551
274 7839
275 61889
276 32282
277 44413
278 12788
279 55045
280 21329
281 35016
282 16241
283 23291
284 40160
285 7342
286 2719
287 12991
288 11168
289 60635
290 7249
291 46752
292 23654
293 14453
294 49243
295 43811
296 43951
297 18176
298 50186
299 5775
300 32296
