# prime 65497 300
# engine av12453_gemm_split storage u16 threads 8 prune 1
0 1
1 1
2 2
3 6
4 24
5 119
6 694
7 4581
8 33286
9 64436
10 12997
11 58928
12 3842
13 31542
14 1849
15 11982
16 5250
17 19796
18 63056
19 27536
20 40952
21 33095
22 44859
23 25926
24 57290
25 8294
26 3170
27 49314
28 18945
29 17999
30 43152
31 10396
32 57618
33 61145
34 22028
35 27659
36 47070
37 60101
38 24571
39 5656
40 52458
41 21000
42 12123
43 28622
44 41405
45 10740
46 49700
47 5555
48 43466
49 13332
50 37921
51 455
52 34960
53 389
54 14924
55 38631
56 14041
57 34188
58 35079
59 14889
60 36777
61 4435
62 14387
63 32108
64 57765
65 10118
66 43982
67 62574
68 28991
69 43850
70 53665
71 31476
72 26085
73 37188
74 50507
75 16287
76 195
77 33821
78 18220
79 2682
80 5536
81 52742
82 61118
83 44806
84 49768
85 29040
86 25228
87 44774
88 28791
89 9607
90 17599
91 7733
92 47601
93 35603
94 37417
95 46577
96 31765
97 12569
98 54618
99 35747
100 61345
101 6658
102 26759
103 41508
104 37010
105 54360
106 56383
107 30691
108 50017
109 26085
110 8291
111 62884
112 53467
113 32535
114 23412
115 12842
116 37017
117 31848
118 6197
119 3953
120 63387
121 39857
122 51002
123 49106
124 660
125 21545
126 10400
127 2458
128 20882
129 8597
130 56851
131 31091
132 58557
133 11844
134 25500
135 55966
136 52494
137 14788
138 37011
139 7213
140 25115
141 47215
142 3543
143 57802
144 58407
145 57317
146 41344
147 33246
148 34002
149 1821
150 18791
151 12608
152 23923
153 45671
154 763
155 38889
156 54825
157 45386
158 60641
159 54234
160 41555
161 21592
162 60551
163 36870
164 24716
165 41621
166 61264
167 32095
168 16528
169 52869
170 40293
171 19593
172 60000
173 28297
174 11510
175 52645
176 52411
177 12102
178 43179
179 4863
180 27455
181 53223
182 55660
183 38425
184 57865
185 57529
186 34849
187 19775
188 9048
189 21192
190 11896
191 62578
192 24778
193 25384
194 41781
195 44685
196 30849
197 20035
198 50953
199 16982
200 24010
201 21314
202 7091
203 32984
204 35421
205 63769
206 11284
207 11955
208 50499
209 52591
210 18571
211 49747
212 62691
213 56178
214 19233
215 62866
216 58467
217 61600
218 25369
219 38731
220 52112
221 55445
222 60080
223 65041
224 61982
225 23496
226 61119
227 24093
228 43548
229 19809
230 42015
231 12765
232 17275
233 48494
234 62255
235 48682
236 18521
237 48862
238 11942
239 17792
240 11849
241 47136
242 21202
243 15686
244 62890
245 61531
246 5045
247 12133
248 5437
249 63472
250 56783
251 52187
252 6483
253 20946
254 936
255 59408
256 33559
257 54049
258 42289
259 41155
260 947
261 47873
262 52542
263 3110
264 14334
265 39252
266 33763
267 23354
268 17891
269 62475
270 19890
271 29773
272 32178
273 58765
274 14628
275 29399
276 7461
277 1151
278 15271
279 41390
280 41600
281 20389
282 15244
283 30856
284 50111
285 46819
286 11272
287 63114
288 40187
289 38733
290 7505
291 63894
292 54586
293 24143
294 25470
295 4133
296 65286
297 19766
298 60882
299 22739
300 29859
