# prime 65519 300
# engine av12453_gemm_split storage u16 threads 8 prune 1
0 1
1 1
2 2
3 6
4 24
5 119
6 694
7 4581
8 33286
9 64370
10 12271
11 52548
12 10885
13 2086
14 36924
15 58727
16 53725
17 7785
18 57355
19 29323
20 55819
21 22663
22 3064
23 58061
24 33520
25 12019
26 3749
27 64208
28 52136
29 29276
30 41087
31 24618
32 18513
33 50968
34 4358
35 51540
36 21655
37 17567
38 28613
39 32206
40 1323
41 21143
42 22406
43 41362
44 28877
45 21334
46 1728
47 27708
48 39525
49 64752
50 5114
51 38632
52 47521
53 20369
54 34888
55 33111
56 4488
57 14126
58 43667
59 960
60 11425
61 40631
62 7809
63 15734
64 27107
65 49046
66 53388
67 17446
68 35947
69 16207
70 7014
71 44041
72 22194
73 45206
74 48469
75 49705
76 54845
77 33637
78 37536
79 50078
80 32299
81 14448
82 2916
83 37112
84 8158
85 23424
86 48714
87 27771
88 37381
89 65440
90 28603
91 24203
92 50811
93 9553
94 38836
95 7759
96 36861
97 49883
98 36956
99 46021
100 6800
101 49941
102 21173
103 27517
104 15880
105 13133
106 7341
107 31279
108 35865
109 5998
110 28322
111 14265
112 51201
113 39943
114 56624
115 56841
116 53913
117 4049
118 1314
119 34936
120 52889
121 40295
122 55027
123 23884
124 45310
125 33639
126 39085
127 62915
128 28840
129 16289
130 30688
131 14623
132 54346
133 39103
134 50300
135 62921
136 39742
137 40212
138 17608
139 27009
140 53637
141 59920
142 15580
143 12935
144 20071
145 43285
146 48434
147 34901
148 28967
149 50381
150 22771
151 35613
152 19922
153 18963
154 34408
155 28104
156 29607
157 16025
158 18441
159 14073
160 36109
161 9413
162 21618
163 62313
164 9272
165 34812
166 39834
167 33190
168 57370
169 21933
170 33033
171 16131
172 34456
173 31104
174 64422
175 19525
176 46403
177 9679
178 12081
179 18275
180 19363
181 34134
182 58398
183 19254
184 12933
185 26517
186 3404
187 29708
188 18353
189 35993
190 50773
191 25345
192 54961
193 29171
194 24598
195 3465
196 10616
197 39577
198 46109
199 65381
200 10719
201 37277
202 27191
203 56714
204 58248
205 17322
206 57579
207 48998
208 35261
209 19842
210 38031
211 10993
212 14146
213 47380
214 6452
215 13292
216 53624
217 11673
218 1402
219 10125
220 56677
221 41417
222 52842
223 58903
224 53358
225 51954
226 62027
227 28978
228 49835
229 34011
230 31896
231 10405
232 6245
233 24204
234 38236
235 20609
236 20747
237 46197
238 13289
239 59034
240 41438
241 35635
242 14463
243 51118
244 43419
245 14059
246 45734
247 43285
248 44794
249 4442
250 47533
251 9095
252 58839
253 6964
254 41807
255 14301
256 33348
257 53957
258 49820
259 11893
260 9924
261 31996
262 15723
263 1962
264 45697
265 41682
266 35250
267 6523
268 21793
269 12396
270 19439
271 20637
272 2157
273 3879
274 9371
275 20648
276 57041
277 16531
278 57536
279 36395
280 63193
281 60111
282 21073
283 43532
284 10490
285 14011
286 47062
287 6638
288 54101
289 315
290 53958
291 11915
292 305
293 57878
294 48066
295 27783
296 29225
297 2750
298 52548
299 25018
300 55291
