# prime 65521 300
# engine av12453_gemm_split storage u16 threads 8 prune 1
0 1
1 1
2 2
3 6
4 24
5 119
6 694
7 4581
8 33286
9 64364
10 12205
11 51968
12 5571
13 17295
14 4555
15 52868
16 58749
17 45250
18 26999
19 14389
20 44424
21 684
22 54464
23 29414
24 13685
25 23065
26 42567
27 63224
28 6502
29 3246
30 28676
31 1584
32 43931
33 7401
34 43340
35 15208
36 37369
37 57906
38 56190
39 53130
40 61642
41 11373
42 48746
43 44834
44 50011
45 55337
46 61193
47 45991
48 187
49 7396
50 19094
51 41346
52 15829
53 16523
54 25757
55 53403
56 1249
57 36907
58 4773
59 36712
60 13218
61 55216
62 34640
63 49716
64 49340
65 44909
66 48123
67 38976
68 296
69 50926
70 48644
71 6414
72 837
73 20613
74 8408
75 29745
76 17133
77 63561
78 12289
79 15288
80 63686
81 52966
82 12177
83 45874
84 56711
85 13245
86 1848
87 19764
88 4576
89 28303
90 17841
91 55891
92 56018
93 19678
94 11739
95 33214
96 18841
97 1379
98 52346
99 28954
100 37040
101 11120
102 16934
103 37520
104 6386
105 42686
106 52559
107 33744
108 37504
109 9427
110 48023
111 16041
112 46693
113 47774
114 5821
115 22040
116 4796
117 40179
118 5252
119 15335
120 24866
121 46680
122 30883
123 46736
124 61032
125 19547
126 58832
127 18593
128 30771
129 27414
130 8365
131 33833
132 25572
133 34576
134 14244
135 49426
136 46395
137 6407
138 14990
139 37460
140 54611
141 60257
142 42038
143 19454
144 52602
145 56626
146 5763
147 7027
148 28367
149 26584
150 16750
151 19303
152 60647
153 34865
154 24113
155 60222
156 55105
157 47819
158 49619
159 37063
160 49555
161 39527
162 30389
163 58261
164 24361
165 27825
166 18528
167 41703
168 6904
169 33408
170 63452
171 13643
172 54746
173 12119
174 58589
175 21550
176 16488
177 47224
178 31001
179 31552
180 16863
181 38072
182 24595
183 12563
184 39694
185 9891
186 30378
187 32491
188 7534
189 27537
190 36846
191 61399
192 8218
193 24057
194 51087
195 36667
196 12124
197 55196
198 30783
199 49994
200 31629
201 63733
202 10390
203 48035
204 41991
205 2989
206 48566
207 40767
208 39999
209 15586
210 51924
211 53706
212 16191
213 38986
214 56261
215 3732
216 1995
217 63795
218 2986
219 35126
220 42891
221 22043
222 13081
223 34017
224 36357
225 19778
226 4939
227 29168
228 54089
229 38407
230 31084
231 30301
232 63363
233 14171
234 25479
235 29638
236 36111
237 40973
238 21577
239 8036
240 33848
241 52335
242 55239
243 44406
244 34257
245 19117
246 11767
247 46354
248 39629
249 49375
250 42368
251 15337
252 53783
253 12593
254 51951
255 51437
256 53864
257 10272
258 2040
259 38801
260 50438
261 38160
262 35311
263 34793
264 8783
265 31887
266 32943
267 3781
268 44615
269 36906
270 32883
271 44403
272 30979
273 42838
274 49732
275 63670
276 31803
277 61762
278 59273
279 43088
280 33954
281 43816
282 63905
283 28555
284 22027
285 49649
286 8948
287 33490
288 13071
289 24883
290 38705
291 33031
292 966
293 35650
294 22837
295 30151
296 55295
297 61177
298 30203
299 64492
300 6865
